(kicad_pcb (version 20171130) (host pcbnew "(5.1.2)-1")

  (general
    (thickness 1.6)
    (drawings 5)
    (tracks 0)
    (zones 0)
    (modules 37)
    (nets 32)
  )

  (page A4)
  (layers
    (0 F.Cu signal)
    (31 B.Cu signal)
    (32 B.Adhes user)
    (33 F.Adhes user)
    (34 B.Paste user)
    (35 F.Paste user)
    (36 B.SilkS user)
    (37 F.SilkS user)
    (38 B.Mask user)
    (39 F.Mask user)
    (40 Dwgs.User user)
    (41 Cmts.User user)
    (42 Eco1.User user)
    (43 Eco2.User user)
    (44 Edge.Cuts user)
    (45 Margin user)
    (46 B.CrtYd user)
    (47 F.CrtYd user)
    (48 B.Fab user)
    (49 F.Fab user)
  )

  (setup
    (last_trace_width 0.25)
    (trace_clearance 0.2)
    (zone_clearance 0.508)
    (zone_45_only no)
    (trace_min 0.2)
    (via_size 0.8)
    (via_drill 0.4)
    (via_min_size 0.4)
    (via_min_drill 0.3)
    (uvia_size 0.3)
    (uvia_drill 0.1)
    (uvias_allowed no)
    (uvia_min_size 0.2)
    (uvia_min_drill 0.1)
    (edge_width 0.1)
    (segment_width 0.2)
    (pcb_text_width 0.3)
    (pcb_text_size 1.5 1.5)
    (mod_edge_width 0.15)
    (mod_text_size 1 1)
    (mod_text_width 0.15)
    (pad_size 1.524 1.524)
    (pad_drill 0.762)
    (pad_to_mask_clearance 0)
    (aux_axis_origin 0 0)
    (grid_origin 173 98)
    (visible_elements FFFFFF7F)
    (pcbplotparams
      (layerselection 0x010fc_ffffffff)
      (usegerberextensions false)
      (usegerberattributes false)
      (usegerberadvancedattributes false)
      (creategerberjobfile false)
      (excludeedgelayer true)
      (linewidth 0.100000)
      (plotframeref false)
      (viasonmask false)
      (mode 1)
      (useauxorigin false)
      (hpglpennumber 1)
      (hpglpenspeed 20)
      (hpglpendiameter 15.000000)
      (psnegative false)
      (psa4output false)
      (plotreference true)
      (plotvalue true)
      (plotinvisibletext false)
      (padsonsilk false)
      (subtractmaskfromsilk false)
      (outputformat 1)
      (mirror false)
      (drillshape 1)
      (scaleselection 1)
      (outputdirectory ""))
  )

  (net 0 "")
  (net 1 +3V3)
  (net 2 "Net-(C8-Pad2)")
  (net 3 GND)
  (net 4 "Net-(C9-Pad1)")
  (net 5 "Net-(C11-Pad2)")
  (net 6 "Net-(C12-Pad1)")
  (net 7 /M1_AIN1)
  (net 8 /M1_AIN2)
  (net 9 /M1_BIN1)
  (net 10 /M1_BIN2)
  (net 11 "Net-(H5-Pad1)")
  (net 12 "Net-(H6-Pad1)")
  (net 13 /M2_AIN1)
  (net 14 /M2_AIN2)
  (net 15 /M2_BIN1)
  (net 16 /M2_BIN2)
  (net 17 /M1_~SLEEP)
  (net 18 "Net-(M1-Pad4)")
  (net 19 "Net-(M1-Pad3)")
  (net 20 "Net-(M1-Pad2)")
  (net 21 "Net-(M1-Pad1)")
  (net 22 "Net-(M2-Pad1)")
  (net 23 "Net-(M2-Pad2)")
  (net 24 "Net-(M2-Pad3)")
  (net 25 "Net-(M2-Pad4)")
  (net 26 "Net-(R2-Pad2)")
  (net 27 "Net-(R4-Pad2)")
  (net 28 "Net-(R11-Pad1)")
  (net 29 "Net-(R12-Pad1)")
  (net 30 "Net-(R13-Pad1)")
  (net 31 "Net-(R14-Pad1)")

  (net_class Default "This is the default net class."
    (clearance 0.2)
    (trace_width 0.25)
    (via_dia 0.8)
    (via_drill 0.4)
    (uvia_dia 0.3)
    (uvia_drill 0.1)
    (add_net +3V3)
    (add_net /M1_AIN1)
    (add_net /M1_AIN2)
    (add_net /M1_BIN1)
    (add_net /M1_BIN2)
    (add_net /M1_~SLEEP)
    (add_net /M2_AIN1)
    (add_net /M2_AIN2)
    (add_net /M2_BIN1)
    (add_net /M2_BIN2)
    (add_net GND)
    (add_net "Net-(C11-Pad2)")
    (add_net "Net-(C12-Pad1)")
    (add_net "Net-(C8-Pad2)")
    (add_net "Net-(C9-Pad1)")
    (add_net "Net-(H5-Pad1)")
    (add_net "Net-(H6-Pad1)")
    (add_net "Net-(M1-Pad1)")
    (add_net "Net-(M1-Pad2)")
    (add_net "Net-(M1-Pad3)")
    (add_net "Net-(M1-Pad4)")
    (add_net "Net-(M2-Pad1)")
    (add_net "Net-(M2-Pad2)")
    (add_net "Net-(M2-Pad3)")
    (add_net "Net-(M2-Pad4)")
    (add_net "Net-(R11-Pad1)")
    (add_net "Net-(R12-Pad1)")
    (add_net "Net-(R13-Pad1)")
    (add_net "Net-(R14-Pad1)")
    (add_net "Net-(R2-Pad2)")
    (add_net "Net-(R4-Pad2)")
  )

  (module Custom:K976_Stepper (layer F.Cu) (tedit 5D7E8016) (tstamp 5D7E90D7)
    (at 158.25 111.25 90)
    (path /5D673CFA)
    (fp_text reference M1 (at 0 2.1 90) (layer F.SilkS)
      (effects (font (size 1 1) (thickness 0.15)))
    )
    (fp_text value Stepper_Motor_bipolar (at 0 -2.1 90) (layer F.Fab)
      (effects (font (size 1 1) (thickness 0.15)))
    )
    (fp_line (start 3.12 -0.79) (end -3.23 -0.79) (layer F.Fab) (width 0.12))
    (fp_line (start 1.96 -7.49) (end 1.96 -3.99) (layer F.Fab) (width 0.12))
    (fp_line (start -2.04 -7.49) (end 1.96 -7.49) (layer F.Fab) (width 0.12))
    (fp_line (start -2.04 -3.99) (end -2.04 -7.49) (layer F.Fab) (width 0.12))
    (fp_line (start -4.04 -3.99) (end -4.04 4.01) (layer F.Fab) (width 0.12))
    (fp_line (start 3.96 -3.99) (end -4.04 -3.99) (layer F.Fab) (width 0.12))
    (fp_line (start 3.96 4.01) (end 3.96 -3.99) (layer F.Fab) (width 0.12))
    (fp_line (start -4.04 4.01) (end 3.96 4.01) (layer F.Fab) (width 0.12))
    (fp_line (start 3.12 0.86) (end 3.12 -0.79) (layer F.Fab) (width 0.12))
    (fp_line (start 3.07 0.86) (end 3.12 0.86) (layer F.Fab) (width 0.12))
    (fp_line (start -3.23 -0.79) (end -3.23 0.86) (layer F.Fab) (width 0.12))
    (fp_line (start -3.23 0.86) (end 3.07 0.86) (layer F.Fab) (width 0.12))
    (pad 4 thru_hole circle (at 0.87 0.56 90) (size 1 1) (drill 0.5) (layers *.Cu *.Mask)
      (net 18 "Net-(M1-Pad4)"))
    (pad 3 thru_hole circle (at -2.83 0.56 90) (size 1 1) (drill 0.5) (layers *.Cu *.Mask)
      (net 19 "Net-(M1-Pad3)"))
    (pad 2 thru_hole circle (at 2.72 -0.49 90) (size 1 1) (drill 0.5) (layers *.Cu *.Mask)
      (net 20 "Net-(M1-Pad2)"))
    (pad 1 thru_hole circle (at -0.98 -0.49 90) (size 1 1) (drill 0.5) (layers *.Cu *.Mask)
      (net 21 "Net-(M1-Pad1)"))
  )

  (module Custom:K976_Stepper (layer F.Cu) (tedit 5D7E8016) (tstamp 5D7E8D2A)
    (at 190.5 102)
    (path /5D6ABDBE)
    (fp_text reference M2 (at 0 2.1) (layer F.SilkS)
      (effects (font (size 1 1) (thickness 0.15)))
    )
    (fp_text value Stepper_Motor_bipolar (at 0 -2.1) (layer F.Fab)
      (effects (font (size 1 1) (thickness 0.15)))
    )
    (fp_line (start 3.12 -0.79) (end -3.23 -0.79) (layer F.Fab) (width 0.12))
    (fp_line (start 1.96 -7.49) (end 1.96 -3.99) (layer F.Fab) (width 0.12))
    (fp_line (start -2.04 -7.49) (end 1.96 -7.49) (layer F.Fab) (width 0.12))
    (fp_line (start -2.04 -3.99) (end -2.04 -7.49) (layer F.Fab) (width 0.12))
    (fp_line (start -4.04 -3.99) (end -4.04 4.01) (layer F.Fab) (width 0.12))
    (fp_line (start 3.96 -3.99) (end -4.04 -3.99) (layer F.Fab) (width 0.12))
    (fp_line (start 3.96 4.01) (end 3.96 -3.99) (layer F.Fab) (width 0.12))
    (fp_line (start -4.04 4.01) (end 3.96 4.01) (layer F.Fab) (width 0.12))
    (fp_line (start 3.12 0.86) (end 3.12 -0.79) (layer F.Fab) (width 0.12))
    (fp_line (start 3.07 0.86) (end 3.12 0.86) (layer F.Fab) (width 0.12))
    (fp_line (start -3.23 -0.79) (end -3.23 0.86) (layer F.Fab) (width 0.12))
    (fp_line (start -3.23 0.86) (end 3.07 0.86) (layer F.Fab) (width 0.12))
    (pad 4 thru_hole circle (at 0.87 0.56) (size 1 1) (drill 0.5) (layers *.Cu *.Mask)
      (net 25 "Net-(M2-Pad4)"))
    (pad 3 thru_hole circle (at -2.83 0.56) (size 1 1) (drill 0.5) (layers *.Cu *.Mask)
      (net 24 "Net-(M2-Pad3)"))
    (pad 2 thru_hole circle (at 2.72 -0.49) (size 1 1) (drill 0.5) (layers *.Cu *.Mask)
      (net 23 "Net-(M2-Pad2)"))
    (pad 1 thru_hole circle (at -0.98 -0.49) (size 1 1) (drill 0.5) (layers *.Cu *.Mask)
      (net 22 "Net-(M2-Pad1)"))
  )

  (module Capacitors_SMD:C_1206 (layer F.Cu) (tedit 58AA84B8) (tstamp 5D7E9520)
    (at 170.5 104.25 270)
    (descr "Capacitor SMD 1206, reflow soldering, AVX (see smccp.pdf)")
    (tags "capacitor 1206")
    (path /5D6907BC)
    (attr smd)
    (fp_text reference C8 (at 0 -1.75 90) (layer F.SilkS)
      (effects (font (size 1 1) (thickness 0.15)))
    )
    (fp_text value 0.01µ (at 0 2 90) (layer F.Fab)
      (effects (font (size 1 1) (thickness 0.15)))
    )
    (fp_text user %R (at 0 -1.75 90) (layer F.Fab)
      (effects (font (size 1 1) (thickness 0.15)))
    )
    (fp_line (start -1.6 0.8) (end -1.6 -0.8) (layer F.Fab) (width 0.1))
    (fp_line (start 1.6 0.8) (end -1.6 0.8) (layer F.Fab) (width 0.1))
    (fp_line (start 1.6 -0.8) (end 1.6 0.8) (layer F.Fab) (width 0.1))
    (fp_line (start -1.6 -0.8) (end 1.6 -0.8) (layer F.Fab) (width 0.1))
    (fp_line (start 1 -1.02) (end -1 -1.02) (layer F.SilkS) (width 0.12))
    (fp_line (start -1 1.02) (end 1 1.02) (layer F.SilkS) (width 0.12))
    (fp_line (start -2.25 -1.05) (end 2.25 -1.05) (layer F.CrtYd) (width 0.05))
    (fp_line (start -2.25 -1.05) (end -2.25 1.05) (layer F.CrtYd) (width 0.05))
    (fp_line (start 2.25 1.05) (end 2.25 -1.05) (layer F.CrtYd) (width 0.05))
    (fp_line (start 2.25 1.05) (end -2.25 1.05) (layer F.CrtYd) (width 0.05))
    (pad 1 smd rect (at -1.5 0 270) (size 1 1.6) (layers F.Cu F.Paste F.Mask)
      (net 1 +3V3))
    (pad 2 smd rect (at 1.5 0 270) (size 1 1.6) (layers F.Cu F.Paste F.Mask)
      (net 2 "Net-(C8-Pad2)"))
    (model Capacitors_SMD.3dshapes/C_1206.wrl
      (at (xyz 0 0 0))
      (scale (xyz 1 1 1))
      (rotate (xyz 0 0 0))
    )
  )

  (module Capacitors_SMD:C_1206 (layer F.Cu) (tedit 58AA84B8) (tstamp 5D7E9412)
    (at 164.5 104.25 90)
    (descr "Capacitor SMD 1206, reflow soldering, AVX (see smccp.pdf)")
    (tags "capacitor 1206")
    (path /5D684384)
    (attr smd)
    (fp_text reference C9 (at 0 -1.75 90) (layer F.SilkS)
      (effects (font (size 1 1) (thickness 0.15)))
    )
    (fp_text value 2.2µ (at 0 2 90) (layer F.Fab)
      (effects (font (size 1 1) (thickness 0.15)))
    )
    (fp_line (start 2.25 1.05) (end -2.25 1.05) (layer F.CrtYd) (width 0.05))
    (fp_line (start 2.25 1.05) (end 2.25 -1.05) (layer F.CrtYd) (width 0.05))
    (fp_line (start -2.25 -1.05) (end -2.25 1.05) (layer F.CrtYd) (width 0.05))
    (fp_line (start -2.25 -1.05) (end 2.25 -1.05) (layer F.CrtYd) (width 0.05))
    (fp_line (start -1 1.02) (end 1 1.02) (layer F.SilkS) (width 0.12))
    (fp_line (start 1 -1.02) (end -1 -1.02) (layer F.SilkS) (width 0.12))
    (fp_line (start -1.6 -0.8) (end 1.6 -0.8) (layer F.Fab) (width 0.1))
    (fp_line (start 1.6 -0.8) (end 1.6 0.8) (layer F.Fab) (width 0.1))
    (fp_line (start 1.6 0.8) (end -1.6 0.8) (layer F.Fab) (width 0.1))
    (fp_line (start -1.6 0.8) (end -1.6 -0.8) (layer F.Fab) (width 0.1))
    (fp_text user %R (at 0 -1.75 90) (layer F.Fab)
      (effects (font (size 1 1) (thickness 0.15)))
    )
    (pad 2 smd rect (at 1.5 0 90) (size 1 1.6) (layers F.Cu F.Paste F.Mask)
      (net 3 GND))
    (pad 1 smd rect (at -1.5 0 90) (size 1 1.6) (layers F.Cu F.Paste F.Mask)
      (net 4 "Net-(C9-Pad1)"))
    (model Capacitors_SMD.3dshapes/C_1206.wrl
      (at (xyz 0 0 0))
      (scale (xyz 1 1 1))
      (rotate (xyz 0 0 0))
    )
  )

  (module Capacitors_SMD:C_1206 (layer F.Cu) (tedit 58AA84B8) (tstamp 5D7E9472)
    (at 167.5 104.25 90)
    (descr "Capacitor SMD 1206, reflow soldering, AVX (see smccp.pdf)")
    (tags "capacitor 1206")
    (path /5D694F60)
    (attr smd)
    (fp_text reference C10 (at 0 -1.75 90) (layer F.SilkS)
      (effects (font (size 1 1) (thickness 0.15)))
    )
    (fp_text value 10µ (at 0 2 90) (layer F.Fab)
      (effects (font (size 1 1) (thickness 0.15)))
    )
    (fp_text user %R (at 0 -1.75 90) (layer F.Fab)
      (effects (font (size 1 1) (thickness 0.15)))
    )
    (fp_line (start -1.6 0.8) (end -1.6 -0.8) (layer F.Fab) (width 0.1))
    (fp_line (start 1.6 0.8) (end -1.6 0.8) (layer F.Fab) (width 0.1))
    (fp_line (start 1.6 -0.8) (end 1.6 0.8) (layer F.Fab) (width 0.1))
    (fp_line (start -1.6 -0.8) (end 1.6 -0.8) (layer F.Fab) (width 0.1))
    (fp_line (start 1 -1.02) (end -1 -1.02) (layer F.SilkS) (width 0.12))
    (fp_line (start -1 1.02) (end 1 1.02) (layer F.SilkS) (width 0.12))
    (fp_line (start -2.25 -1.05) (end 2.25 -1.05) (layer F.CrtYd) (width 0.05))
    (fp_line (start -2.25 -1.05) (end -2.25 1.05) (layer F.CrtYd) (width 0.05))
    (fp_line (start 2.25 1.05) (end 2.25 -1.05) (layer F.CrtYd) (width 0.05))
    (fp_line (start 2.25 1.05) (end -2.25 1.05) (layer F.CrtYd) (width 0.05))
    (pad 1 smd rect (at -1.5 0 90) (size 1 1.6) (layers F.Cu F.Paste F.Mask)
      (net 1 +3V3))
    (pad 2 smd rect (at 1.5 0 90) (size 1 1.6) (layers F.Cu F.Paste F.Mask)
      (net 3 GND))
    (model Capacitors_SMD.3dshapes/C_1206.wrl
      (at (xyz 0 0 0))
      (scale (xyz 1 1 1))
      (rotate (xyz 0 0 0))
    )
  )

  (module Capacitors_SMD:C_1206 (layer F.Cu) (tedit 58AA84B8) (tstamp 5D7E72A9)
    (at 206.775001 107.330001)
    (descr "Capacitor SMD 1206, reflow soldering, AVX (see smccp.pdf)")
    (tags "capacitor 1206")
    (path /5D6ABDEE)
    (attr smd)
    (fp_text reference C11 (at 0 -1.75) (layer F.SilkS)
      (effects (font (size 1 1) (thickness 0.15)))
    )
    (fp_text value 0.01µ (at 0 2) (layer F.Fab)
      (effects (font (size 1 1) (thickness 0.15)))
    )
    (fp_line (start 2.25 1.05) (end -2.25 1.05) (layer F.CrtYd) (width 0.05))
    (fp_line (start 2.25 1.05) (end 2.25 -1.05) (layer F.CrtYd) (width 0.05))
    (fp_line (start -2.25 -1.05) (end -2.25 1.05) (layer F.CrtYd) (width 0.05))
    (fp_line (start -2.25 -1.05) (end 2.25 -1.05) (layer F.CrtYd) (width 0.05))
    (fp_line (start -1 1.02) (end 1 1.02) (layer F.SilkS) (width 0.12))
    (fp_line (start 1 -1.02) (end -1 -1.02) (layer F.SilkS) (width 0.12))
    (fp_line (start -1.6 -0.8) (end 1.6 -0.8) (layer F.Fab) (width 0.1))
    (fp_line (start 1.6 -0.8) (end 1.6 0.8) (layer F.Fab) (width 0.1))
    (fp_line (start 1.6 0.8) (end -1.6 0.8) (layer F.Fab) (width 0.1))
    (fp_line (start -1.6 0.8) (end -1.6 -0.8) (layer F.Fab) (width 0.1))
    (fp_text user %R (at 0 -1.75) (layer F.Fab)
      (effects (font (size 1 1) (thickness 0.15)))
    )
    (pad 2 smd rect (at 1.5 0) (size 1 1.6) (layers F.Cu F.Paste F.Mask)
      (net 5 "Net-(C11-Pad2)"))
    (pad 1 smd rect (at -1.5 0) (size 1 1.6) (layers F.Cu F.Paste F.Mask)
      (net 1 +3V3))
    (model Capacitors_SMD.3dshapes/C_1206.wrl
      (at (xyz 0 0 0))
      (scale (xyz 1 1 1))
      (rotate (xyz 0 0 0))
    )
  )

  (module Capacitors_SMD:C_1206 (layer F.Cu) (tedit 58AA84B8) (tstamp 5D7E72BA)
    (at 214.825001 93.830001)
    (descr "Capacitor SMD 1206, reflow soldering, AVX (see smccp.pdf)")
    (tags "capacitor 1206")
    (path /5D6ABDD6)
    (attr smd)
    (fp_text reference C12 (at 0 -1.75) (layer F.SilkS)
      (effects (font (size 1 1) (thickness 0.15)))
    )
    (fp_text value 2.2µ (at 0 2) (layer F.Fab)
      (effects (font (size 1 1) (thickness 0.15)))
    )
    (fp_text user %R (at 0 -1.75) (layer F.Fab)
      (effects (font (size 1 1) (thickness 0.15)))
    )
    (fp_line (start -1.6 0.8) (end -1.6 -0.8) (layer F.Fab) (width 0.1))
    (fp_line (start 1.6 0.8) (end -1.6 0.8) (layer F.Fab) (width 0.1))
    (fp_line (start 1.6 -0.8) (end 1.6 0.8) (layer F.Fab) (width 0.1))
    (fp_line (start -1.6 -0.8) (end 1.6 -0.8) (layer F.Fab) (width 0.1))
    (fp_line (start 1 -1.02) (end -1 -1.02) (layer F.SilkS) (width 0.12))
    (fp_line (start -1 1.02) (end 1 1.02) (layer F.SilkS) (width 0.12))
    (fp_line (start -2.25 -1.05) (end 2.25 -1.05) (layer F.CrtYd) (width 0.05))
    (fp_line (start -2.25 -1.05) (end -2.25 1.05) (layer F.CrtYd) (width 0.05))
    (fp_line (start 2.25 1.05) (end 2.25 -1.05) (layer F.CrtYd) (width 0.05))
    (fp_line (start 2.25 1.05) (end -2.25 1.05) (layer F.CrtYd) (width 0.05))
    (pad 1 smd rect (at -1.5 0) (size 1 1.6) (layers F.Cu F.Paste F.Mask)
      (net 6 "Net-(C12-Pad1)"))
    (pad 2 smd rect (at 1.5 0) (size 1 1.6) (layers F.Cu F.Paste F.Mask)
      (net 3 GND))
    (model Capacitors_SMD.3dshapes/C_1206.wrl
      (at (xyz 0 0 0))
      (scale (xyz 1 1 1))
      (rotate (xyz 0 0 0))
    )
  )

  (module Capacitors_SMD:C_1206 (layer F.Cu) (tedit 58AA84B8) (tstamp 5D7E72CB)
    (at 207.825001 96.880001)
    (descr "Capacitor SMD 1206, reflow soldering, AVX (see smccp.pdf)")
    (tags "capacitor 1206")
    (path /5D6ABDFC)
    (attr smd)
    (fp_text reference C13 (at 0 -1.75) (layer F.SilkS)
      (effects (font (size 1 1) (thickness 0.15)))
    )
    (fp_text value 10µ (at 0 2) (layer F.Fab)
      (effects (font (size 1 1) (thickness 0.15)))
    )
    (fp_text user %R (at 0 -1.75) (layer F.Fab)
      (effects (font (size 1 1) (thickness 0.15)))
    )
    (fp_line (start -1.6 0.8) (end -1.6 -0.8) (layer F.Fab) (width 0.1))
    (fp_line (start 1.6 0.8) (end -1.6 0.8) (layer F.Fab) (width 0.1))
    (fp_line (start 1.6 -0.8) (end 1.6 0.8) (layer F.Fab) (width 0.1))
    (fp_line (start -1.6 -0.8) (end 1.6 -0.8) (layer F.Fab) (width 0.1))
    (fp_line (start 1 -1.02) (end -1 -1.02) (layer F.SilkS) (width 0.12))
    (fp_line (start -1 1.02) (end 1 1.02) (layer F.SilkS) (width 0.12))
    (fp_line (start -2.25 -1.05) (end 2.25 -1.05) (layer F.CrtYd) (width 0.05))
    (fp_line (start -2.25 -1.05) (end -2.25 1.05) (layer F.CrtYd) (width 0.05))
    (fp_line (start 2.25 1.05) (end 2.25 -1.05) (layer F.CrtYd) (width 0.05))
    (fp_line (start 2.25 1.05) (end -2.25 1.05) (layer F.CrtYd) (width 0.05))
    (pad 1 smd rect (at -1.5 0) (size 1 1.6) (layers F.Cu F.Paste F.Mask)
      (net 1 +3V3))
    (pad 2 smd rect (at 1.5 0) (size 1 1.6) (layers F.Cu F.Paste F.Mask)
      (net 3 GND))
    (model Capacitors_SMD.3dshapes/C_1206.wrl
      (at (xyz 0 0 0))
      (scale (xyz 1 1 1))
      (rotate (xyz 0 0 0))
    )
  )

  (module Custom:Mounting_Pad_Signal (layer F.Cu) (tedit 5D7A81A8) (tstamp 5D7E79C0)
    (at 172.99 76.95 180)
    (path /5D73E4B7)
    (fp_text reference H1 (at 0 3.3) (layer F.Fab)
      (effects (font (size 1 1) (thickness 0.15)))
    )
    (fp_text value M1A1 (at 0 -3.5) (layer F.SilkS)
      (effects (font (size 1 1) (thickness 0.15)))
    )
    (pad 1 smd rect (at 0 0 180) (size 1 4) (layers F.Cu F.Paste F.Mask)
      (net 7 /M1_AIN1))
  )

  (module Custom:Mounting_Pad_Signal (layer F.Cu) (tedit 5D7A81A8) (tstamp 5D7E79A8)
    (at 175.53 76.95 180)
    (path /5D741DC3)
    (fp_text reference H2 (at 0 3.3) (layer F.Fab)
      (effects (font (size 1 1) (thickness 0.15)))
    )
    (fp_text value M1A2 (at 0 -3.5) (layer F.SilkS)
      (effects (font (size 1 1) (thickness 0.15)))
    )
    (pad 1 smd rect (at 0 0 180) (size 1 4) (layers F.Cu F.Paste F.Mask)
      (net 8 /M1_AIN2))
  )

  (module Custom:Mounting_Pad_Signal (layer F.Cu) (tedit 5D7A81A8) (tstamp 5D7E799C)
    (at 178.07 76.95 180)
    (path /5D742E42)
    (fp_text reference H3 (at 0 3.3) (layer F.Fab)
      (effects (font (size 1 1) (thickness 0.15)))
    )
    (fp_text value M1B1 (at 0 -3.5) (layer F.SilkS)
      (effects (font (size 1 1) (thickness 0.15)))
    )
    (pad 1 smd rect (at 0 0 180) (size 1 4) (layers F.Cu F.Paste F.Mask)
      (net 9 /M1_BIN1))
  )

  (module Custom:Mounting_Pad_Signal (layer F.Cu) (tedit 5D7A81A8) (tstamp 5D7E7CF2)
    (at 180.61 76.95 180)
    (path /5D7435B4)
    (fp_text reference H4 (at 0 3.3) (layer F.Fab)
      (effects (font (size 1 1) (thickness 0.15)))
    )
    (fp_text value M1B2 (at 0 -3.5) (layer F.SilkS)
      (effects (font (size 1 1) (thickness 0.15)))
    )
    (pad 1 smd rect (at 0 0 180) (size 1 4) (layers F.Cu F.Paste F.Mask)
      (net 10 /M1_BIN2))
  )

  (module Custom:Mounting_Pad_Signal (layer F.Cu) (tedit 5D7A81A8) (tstamp 5D7E72E4)
    (at 159 76.95 180)
    (path /5D799A4C)
    (fp_text reference H5 (at 0 3.3) (layer F.Fab)
      (effects (font (size 1 1) (thickness 0.15)))
    )
    (fp_text value ED1 (at 0 -3.5) (layer F.SilkS)
      (effects (font (size 1 1) (thickness 0.15)))
    )
    (pad 1 smd rect (at 0 0 180) (size 1 4) (layers F.Cu F.Paste F.Mask)
      (net 11 "Net-(H5-Pad1)"))
  )

  (module Custom:Mounting_Pad_Signal (layer F.Cu) (tedit 5D7A81A8) (tstamp 5D7E72E9)
    (at 187 76.95 180)
    (path /5D79A973)
    (fp_text reference H6 (at 0 3.3) (layer F.Fab)
      (effects (font (size 1 1) (thickness 0.15)))
    )
    (fp_text value ED2 (at 0 -3.5) (layer F.SilkS)
      (effects (font (size 1 1) (thickness 0.15)))
    )
    (pad 1 smd rect (at 0 0 180) (size 1 4) (layers F.Cu F.Paste F.Mask)
      (net 12 "Net-(H6-Pad1)"))
  )

  (module Custom:Mounting_Pad_Signal (layer F.Cu) (tedit 5D7A81A8) (tstamp 5D7E72EE)
    (at 170.45 76.95 180)
    (path /5D759355)
    (fp_text reference H7 (at 0 3.3) (layer F.Fab)
      (effects (font (size 1 1) (thickness 0.15)))
    )
    (fp_text value M2A1 (at 0 -3.5) (layer F.SilkS)
      (effects (font (size 1 1) (thickness 0.15)))
    )
    (pad 1 smd rect (at 0 0 180) (size 1 4) (layers F.Cu F.Paste F.Mask)
      (net 13 /M2_AIN1))
  )

  (module Custom:Mounting_Pad_Signal (layer F.Cu) (tedit 5D7A81A8) (tstamp 5D7E7A8D)
    (at 167.91 76.95 180)
    (path /5D75935F)
    (fp_text reference H8 (at 0 3.3) (layer F.Fab)
      (effects (font (size 1 1) (thickness 0.15)))
    )
    (fp_text value M2A2 (at 0 -3.5) (layer F.SilkS)
      (effects (font (size 1 1) (thickness 0.15)))
    )
    (pad 1 smd rect (at 0 0 180) (size 1 4) (layers F.Cu F.Paste F.Mask)
      (net 14 /M2_AIN2))
  )

  (module Custom:Mounting_Pad_Signal (layer F.Cu) (tedit 5D7A81A8) (tstamp 5D7E72F8)
    (at 165.37 76.95 180)
    (path /5D759369)
    (fp_text reference H9 (at 0 3.3) (layer F.Fab)
      (effects (font (size 1 1) (thickness 0.15)))
    )
    (fp_text value M2B1 (at 0 -3.5) (layer F.SilkS)
      (effects (font (size 1 1) (thickness 0.15)))
    )
    (pad 1 smd rect (at 0 0 180) (size 1 4) (layers F.Cu F.Paste F.Mask)
      (net 15 /M2_BIN1))
  )

  (module Custom:Mounting_Pad_Signal (layer F.Cu) (tedit 5D7A81A8) (tstamp 5D7E72FD)
    (at 162.83 76.95 180)
    (path /5D759373)
    (fp_text reference H10 (at 0 3.3) (layer F.Fab)
      (effects (font (size 1 1) (thickness 0.15)))
    )
    (fp_text value M2B2 (at 0 -3.5) (layer F.SilkS)
      (effects (font (size 1 1) (thickness 0.15)))
    )
    (pad 1 smd rect (at 0 0 180) (size 1 4) (layers F.Cu F.Paste F.Mask)
      (net 16 /M2_BIN2))
  )

  (module Custom:Mounting_Pad_Signal (layer F.Cu) (tedit 5D7A81A8) (tstamp 5D7E7302)
    (at 183.15 76.95 180)
    (path /5D743E3A)
    (fp_text reference H11 (at 0 3.3) (layer F.Fab)
      (effects (font (size 1 1) (thickness 0.15)))
    )
    (fp_text value M_~SLP (at 0 -3.5) (layer F.SilkS)
      (effects (font (size 1 1) (thickness 0.15)))
    )
    (pad 1 smd rect (at 0 0 180) (size 1 4) (layers F.Cu F.Paste F.Mask)
      (net 17 /M1_~SLEEP))
  )

  (module Custom:Mounting_Pad_Power (layer F.Cu) (tedit 5D7A81B3) (tstamp 5D7E7307)
    (at 190.75 77.45 180)
    (path /5D7A40EB)
    (fp_text reference H12 (at 0 3.9) (layer F.Fab)
      (effects (font (size 1 1) (thickness 0.15)))
    )
    (fp_text value 3V3 (at 0 -4.1) (layer F.SilkS)
      (effects (font (size 1 1) (thickness 0.15)))
    )
    (pad 1 smd rect (at 0 0 180) (size 2.5 5) (layers F.Cu F.Paste F.Mask)
      (net 1 +3V3))
  )

  (module Custom:Mounting_Pad_Power (layer F.Cu) (tedit 5D7A81B3) (tstamp 5D7E9B51)
    (at 151.75 77.45 180)
    (path /5D7A4437)
    (fp_text reference H13 (at 0 3.9) (layer F.Fab)
      (effects (font (size 1 1) (thickness 0.15)))
    )
    (fp_text value GND (at 0 -3.55) (layer F.SilkS)
      (effects (font (size 1 1) (thickness 0.15)))
    )
    (pad 1 smd rect (at 0 0 180) (size 2.5 5) (layers F.Cu F.Paste F.Mask)
      (net 3 GND))
  )

  (module Custom:Mounting_Pad_Power (layer F.Cu) (tedit 5D7A81B3) (tstamp 5D7E7311)
    (at 194.25 77.45 180)
    (path /5D7A458D)
    (fp_text reference H14 (at 0 3.9) (layer F.Fab)
      (effects (font (size 1 1) (thickness 0.15)))
    )
    (fp_text value GND (at 0 -4.1) (layer F.SilkS)
      (effects (font (size 1 1) (thickness 0.15)))
    )
    (pad 1 smd rect (at 0 0 180) (size 2.5 5) (layers F.Cu F.Paste F.Mask)
      (net 3 GND))
  )

  (module Custom:Mounting_Pad_Power (layer F.Cu) (tedit 5D7A81B3) (tstamp 5D7E7316)
    (at 155.25 77.45 180)
    (path /5D7A4597)
    (fp_text reference H15 (at 0 3.9) (layer F.Fab)
      (effects (font (size 1 1) (thickness 0.15)))
    )
    (fp_text value 3V3 (at 0 -3.55) (layer F.SilkS)
      (effects (font (size 1 1) (thickness 0.15)))
    )
    (pad 1 smd rect (at 0 0 180) (size 2.5 5) (layers F.Cu F.Paste F.Mask)
      (net 1 +3V3))
  )

  (module Custom:Mounting_Pad_Power (layer F.Cu) (tedit 5D7A81B3) (tstamp 5D7E731B)
    (at 132.5 78.5)
    (path /5D91B695)
    (fp_text reference H16 (at 0 3.9) (layer F.Fab)
      (effects (font (size 1 1) (thickness 0.15)))
    )
    (fp_text value GND_TOUCH (at 0 -4.1) (layer F.SilkS)
      (effects (font (size 1 1) (thickness 0.15)))
    )
    (pad 1 smd rect (at 0 0) (size 2.5 5) (layers F.Cu F.Paste F.Mask)
      (net 3 GND))
  )

  (module Custom:Mounting_Pad_Power (layer F.Cu) (tedit 5D7A81B3) (tstamp 5D7E7320)
    (at 137 78.25)
    (path /5D91B15C)
    (fp_text reference H17 (at 0 3.9) (layer F.Fab)
      (effects (font (size 1 1) (thickness 0.15)))
    )
    (fp_text value GND_TOUCH (at 0 -4.1) (layer F.SilkS)
      (effects (font (size 1 1) (thickness 0.15)))
    )
    (pad 1 smd rect (at 0 0) (size 2.5 5) (layers F.Cu F.Paste F.Mask)
      (net 3 GND))
  )

  (module Resistors_SMD:R_1206 (layer F.Cu) (tedit 58E0A804) (tstamp 5D7E98E5)
    (at 152.25 87.75 90)
    (descr "Resistor SMD 1206, reflow soldering, Vishay (see dcrcw.pdf)")
    (tags "resistor 1206")
    (path /5D73E1F7)
    (attr smd)
    (fp_text reference R1 (at 0 -1.85 90) (layer F.SilkS)
      (effects (font (size 1 1) (thickness 0.15)))
    )
    (fp_text value 10k (at 0 1.95 90) (layer F.Fab)
      (effects (font (size 1 1) (thickness 0.15)))
    )
    (fp_text user %R (at 0 0 90) (layer F.Fab)
      (effects (font (size 0.7 0.7) (thickness 0.105)))
    )
    (fp_line (start -1.6 0.8) (end -1.6 -0.8) (layer F.Fab) (width 0.1))
    (fp_line (start 1.6 0.8) (end -1.6 0.8) (layer F.Fab) (width 0.1))
    (fp_line (start 1.6 -0.8) (end 1.6 0.8) (layer F.Fab) (width 0.1))
    (fp_line (start -1.6 -0.8) (end 1.6 -0.8) (layer F.Fab) (width 0.1))
    (fp_line (start 1 1.07) (end -1 1.07) (layer F.SilkS) (width 0.12))
    (fp_line (start -1 -1.07) (end 1 -1.07) (layer F.SilkS) (width 0.12))
    (fp_line (start -2.15 -1.11) (end 2.15 -1.11) (layer F.CrtYd) (width 0.05))
    (fp_line (start -2.15 -1.11) (end -2.15 1.1) (layer F.CrtYd) (width 0.05))
    (fp_line (start 2.15 1.1) (end 2.15 -1.11) (layer F.CrtYd) (width 0.05))
    (fp_line (start 2.15 1.1) (end -2.15 1.1) (layer F.CrtYd) (width 0.05))
    (pad 1 smd rect (at -1.45 0 90) (size 0.9 1.7) (layers F.Cu F.Paste F.Mask)
      (net 1 +3V3))
    (pad 2 smd rect (at 1.45 0 90) (size 0.9 1.7) (layers F.Cu F.Paste F.Mask)
      (net 11 "Net-(H5-Pad1)"))
    (model ${KISYS3DMOD}/Resistors_SMD.3dshapes/R_1206.wrl
      (at (xyz 0 0 0))
      (scale (xyz 1 1 1))
      (rotate (xyz 0 0 0))
    )
  )

  (module Resistors_SMD:R_1206 (layer F.Cu) (tedit 58E0A804) (tstamp 5D7E735C)
    (at 155.25 87.75 90)
    (descr "Resistor SMD 1206, reflow soldering, Vishay (see dcrcw.pdf)")
    (tags "resistor 1206")
    (path /5D73E1F1)
    (attr smd)
    (fp_text reference R2 (at 0 -1.85 90) (layer F.SilkS)
      (effects (font (size 1 1) (thickness 0.15)))
    )
    (fp_text value 120 (at 0 1.95 90) (layer F.Fab)
      (effects (font (size 1 1) (thickness 0.15)))
    )
    (fp_line (start 2.15 1.1) (end -2.15 1.1) (layer F.CrtYd) (width 0.05))
    (fp_line (start 2.15 1.1) (end 2.15 -1.11) (layer F.CrtYd) (width 0.05))
    (fp_line (start -2.15 -1.11) (end -2.15 1.1) (layer F.CrtYd) (width 0.05))
    (fp_line (start -2.15 -1.11) (end 2.15 -1.11) (layer F.CrtYd) (width 0.05))
    (fp_line (start -1 -1.07) (end 1 -1.07) (layer F.SilkS) (width 0.12))
    (fp_line (start 1 1.07) (end -1 1.07) (layer F.SilkS) (width 0.12))
    (fp_line (start -1.6 -0.8) (end 1.6 -0.8) (layer F.Fab) (width 0.1))
    (fp_line (start 1.6 -0.8) (end 1.6 0.8) (layer F.Fab) (width 0.1))
    (fp_line (start 1.6 0.8) (end -1.6 0.8) (layer F.Fab) (width 0.1))
    (fp_line (start -1.6 0.8) (end -1.6 -0.8) (layer F.Fab) (width 0.1))
    (fp_text user %R (at 0 0 90) (layer F.Fab)
      (effects (font (size 0.7 0.7) (thickness 0.105)))
    )
    (pad 2 smd rect (at 1.45 0 90) (size 0.9 1.7) (layers F.Cu F.Paste F.Mask)
      (net 26 "Net-(R2-Pad2)"))
    (pad 1 smd rect (at -1.45 0 90) (size 0.9 1.7) (layers F.Cu F.Paste F.Mask)
      (net 1 +3V3))
    (model ${KISYS3DMOD}/Resistors_SMD.3dshapes/R_1206.wrl
      (at (xyz 0 0 0))
      (scale (xyz 1 1 1))
      (rotate (xyz 0 0 0))
    )
  )

  (module Resistors_SMD:R_1206 (layer F.Cu) (tedit 58E0A804) (tstamp 5D7E736D)
    (at 186 116.5)
    (descr "Resistor SMD 1206, reflow soldering, Vishay (see dcrcw.pdf)")
    (tags "resistor 1206")
    (path /5D73E227)
    (attr smd)
    (fp_text reference R3 (at 0 -1.85) (layer F.SilkS)
      (effects (font (size 1 1) (thickness 0.15)))
    )
    (fp_text value 10k (at 0 1.95) (layer F.Fab)
      (effects (font (size 1 1) (thickness 0.15)))
    )
    (fp_text user %R (at 0 0) (layer F.Fab)
      (effects (font (size 0.7 0.7) (thickness 0.105)))
    )
    (fp_line (start -1.6 0.8) (end -1.6 -0.8) (layer F.Fab) (width 0.1))
    (fp_line (start 1.6 0.8) (end -1.6 0.8) (layer F.Fab) (width 0.1))
    (fp_line (start 1.6 -0.8) (end 1.6 0.8) (layer F.Fab) (width 0.1))
    (fp_line (start -1.6 -0.8) (end 1.6 -0.8) (layer F.Fab) (width 0.1))
    (fp_line (start 1 1.07) (end -1 1.07) (layer F.SilkS) (width 0.12))
    (fp_line (start -1 -1.07) (end 1 -1.07) (layer F.SilkS) (width 0.12))
    (fp_line (start -2.15 -1.11) (end 2.15 -1.11) (layer F.CrtYd) (width 0.05))
    (fp_line (start -2.15 -1.11) (end -2.15 1.1) (layer F.CrtYd) (width 0.05))
    (fp_line (start 2.15 1.1) (end 2.15 -1.11) (layer F.CrtYd) (width 0.05))
    (fp_line (start 2.15 1.1) (end -2.15 1.1) (layer F.CrtYd) (width 0.05))
    (pad 1 smd rect (at -1.45 0) (size 0.9 1.7) (layers F.Cu F.Paste F.Mask)
      (net 1 +3V3))
    (pad 2 smd rect (at 1.45 0) (size 0.9 1.7) (layers F.Cu F.Paste F.Mask)
      (net 12 "Net-(H6-Pad1)"))
    (model ${KISYS3DMOD}/Resistors_SMD.3dshapes/R_1206.wrl
      (at (xyz 0 0 0))
      (scale (xyz 1 1 1))
      (rotate (xyz 0 0 0))
    )
  )

  (module Resistors_SMD:R_1206 (layer F.Cu) (tedit 58E0A804) (tstamp 5D7E737E)
    (at 210.725001 100.205001)
    (descr "Resistor SMD 1206, reflow soldering, Vishay (see dcrcw.pdf)")
    (tags "resistor 1206")
    (path /5D73E221)
    (attr smd)
    (fp_text reference R4 (at 0 -1.85) (layer F.SilkS)
      (effects (font (size 1 1) (thickness 0.15)))
    )
    (fp_text value 120 (at 0 1.95) (layer F.Fab)
      (effects (font (size 1 1) (thickness 0.15)))
    )
    (fp_line (start 2.15 1.1) (end -2.15 1.1) (layer F.CrtYd) (width 0.05))
    (fp_line (start 2.15 1.1) (end 2.15 -1.11) (layer F.CrtYd) (width 0.05))
    (fp_line (start -2.15 -1.11) (end -2.15 1.1) (layer F.CrtYd) (width 0.05))
    (fp_line (start -2.15 -1.11) (end 2.15 -1.11) (layer F.CrtYd) (width 0.05))
    (fp_line (start -1 -1.07) (end 1 -1.07) (layer F.SilkS) (width 0.12))
    (fp_line (start 1 1.07) (end -1 1.07) (layer F.SilkS) (width 0.12))
    (fp_line (start -1.6 -0.8) (end 1.6 -0.8) (layer F.Fab) (width 0.1))
    (fp_line (start 1.6 -0.8) (end 1.6 0.8) (layer F.Fab) (width 0.1))
    (fp_line (start 1.6 0.8) (end -1.6 0.8) (layer F.Fab) (width 0.1))
    (fp_line (start -1.6 0.8) (end -1.6 -0.8) (layer F.Fab) (width 0.1))
    (fp_text user %R (at 0 0) (layer F.Fab)
      (effects (font (size 0.7 0.7) (thickness 0.105)))
    )
    (pad 2 smd rect (at 1.45 0) (size 0.9 1.7) (layers F.Cu F.Paste F.Mask)
      (net 27 "Net-(R4-Pad2)"))
    (pad 1 smd rect (at -1.45 0) (size 0.9 1.7) (layers F.Cu F.Paste F.Mask)
      (net 1 +3V3))
    (model ${KISYS3DMOD}/Resistors_SMD.3dshapes/R_1206.wrl
      (at (xyz 0 0 0))
      (scale (xyz 1 1 1))
      (rotate (xyz 0 0 0))
    )
  )

  (module Resistors_SMD:R_1206 (layer F.Cu) (tedit 58E0A804) (tstamp 5D7E9442)
    (at 166 117.5 270)
    (descr "Resistor SMD 1206, reflow soldering, Vishay (see dcrcw.pdf)")
    (tags "resistor 1206")
    (path /5D699455)
    (attr smd)
    (fp_text reference R11 (at 0 -1.85 90) (layer F.SilkS)
      (effects (font (size 1 1) (thickness 0.15)))
    )
    (fp_text value 0.8 (at 0 1.95 90) (layer F.Fab)
      (effects (font (size 1 1) (thickness 0.15)))
    )
    (fp_text user %R (at 0 0 90) (layer F.Fab)
      (effects (font (size 0.7 0.7) (thickness 0.105)))
    )
    (fp_line (start -1.6 0.8) (end -1.6 -0.8) (layer F.Fab) (width 0.1))
    (fp_line (start 1.6 0.8) (end -1.6 0.8) (layer F.Fab) (width 0.1))
    (fp_line (start 1.6 -0.8) (end 1.6 0.8) (layer F.Fab) (width 0.1))
    (fp_line (start -1.6 -0.8) (end 1.6 -0.8) (layer F.Fab) (width 0.1))
    (fp_line (start 1 1.07) (end -1 1.07) (layer F.SilkS) (width 0.12))
    (fp_line (start -1 -1.07) (end 1 -1.07) (layer F.SilkS) (width 0.12))
    (fp_line (start -2.15 -1.11) (end 2.15 -1.11) (layer F.CrtYd) (width 0.05))
    (fp_line (start -2.15 -1.11) (end -2.15 1.1) (layer F.CrtYd) (width 0.05))
    (fp_line (start 2.15 1.1) (end 2.15 -1.11) (layer F.CrtYd) (width 0.05))
    (fp_line (start 2.15 1.1) (end -2.15 1.1) (layer F.CrtYd) (width 0.05))
    (pad 1 smd rect (at -1.45 0 270) (size 0.9 1.7) (layers F.Cu F.Paste F.Mask)
      (net 28 "Net-(R11-Pad1)"))
    (pad 2 smd rect (at 1.45 0 270) (size 0.9 1.7) (layers F.Cu F.Paste F.Mask)
      (net 3 GND))
    (model ${KISYS3DMOD}/Resistors_SMD.3dshapes/R_1206.wrl
      (at (xyz 0 0 0))
      (scale (xyz 1 1 1))
      (rotate (xyz 0 0 0))
    )
  )

  (module Resistors_SMD:R_1206 (layer F.Cu) (tedit 58E0A804) (tstamp 5D7E93E2)
    (at 169 117.5 270)
    (descr "Resistor SMD 1206, reflow soldering, Vishay (see dcrcw.pdf)")
    (tags "resistor 1206")
    (path /5D699C1A)
    (attr smd)
    (fp_text reference R12 (at 0 -1.85 90) (layer F.SilkS)
      (effects (font (size 1 1) (thickness 0.15)))
    )
    (fp_text value 0.8 (at 0 1.95 90) (layer F.Fab)
      (effects (font (size 1 1) (thickness 0.15)))
    )
    (fp_line (start 2.15 1.1) (end -2.15 1.1) (layer F.CrtYd) (width 0.05))
    (fp_line (start 2.15 1.1) (end 2.15 -1.11) (layer F.CrtYd) (width 0.05))
    (fp_line (start -2.15 -1.11) (end -2.15 1.1) (layer F.CrtYd) (width 0.05))
    (fp_line (start -2.15 -1.11) (end 2.15 -1.11) (layer F.CrtYd) (width 0.05))
    (fp_line (start -1 -1.07) (end 1 -1.07) (layer F.SilkS) (width 0.12))
    (fp_line (start 1 1.07) (end -1 1.07) (layer F.SilkS) (width 0.12))
    (fp_line (start -1.6 -0.8) (end 1.6 -0.8) (layer F.Fab) (width 0.1))
    (fp_line (start 1.6 -0.8) (end 1.6 0.8) (layer F.Fab) (width 0.1))
    (fp_line (start 1.6 0.8) (end -1.6 0.8) (layer F.Fab) (width 0.1))
    (fp_line (start -1.6 0.8) (end -1.6 -0.8) (layer F.Fab) (width 0.1))
    (fp_text user %R (at 0 0 90) (layer F.Fab)
      (effects (font (size 0.7 0.7) (thickness 0.105)))
    )
    (pad 2 smd rect (at 1.45 0 270) (size 0.9 1.7) (layers F.Cu F.Paste F.Mask)
      (net 3 GND))
    (pad 1 smd rect (at -1.45 0 270) (size 0.9 1.7) (layers F.Cu F.Paste F.Mask)
      (net 29 "Net-(R12-Pad1)"))
    (model ${KISYS3DMOD}/Resistors_SMD.3dshapes/R_1206.wrl
      (at (xyz 0 0 0))
      (scale (xyz 1 1 1))
      (rotate (xyz 0 0 0))
    )
  )

  (module Resistors_SMD:R_1206 (layer F.Cu) (tedit 58E0A804) (tstamp 5D7E8CD0)
    (at 225.825001 91.145001)
    (descr "Resistor SMD 1206, reflow soldering, Vishay (see dcrcw.pdf)")
    (tags "resistor 1206")
    (path /5D6ABE21)
    (attr smd)
    (fp_text reference R13 (at 0 -1.85) (layer F.SilkS)
      (effects (font (size 1 1) (thickness 0.15)))
    )
    (fp_text value 0.8 (at 0 1.95) (layer F.Fab)
      (effects (font (size 1 1) (thickness 0.15)))
    )
    (fp_line (start 2.15 1.1) (end -2.15 1.1) (layer F.CrtYd) (width 0.05))
    (fp_line (start 2.15 1.1) (end 2.15 -1.11) (layer F.CrtYd) (width 0.05))
    (fp_line (start -2.15 -1.11) (end -2.15 1.1) (layer F.CrtYd) (width 0.05))
    (fp_line (start -2.15 -1.11) (end 2.15 -1.11) (layer F.CrtYd) (width 0.05))
    (fp_line (start -1 -1.07) (end 1 -1.07) (layer F.SilkS) (width 0.12))
    (fp_line (start 1 1.07) (end -1 1.07) (layer F.SilkS) (width 0.12))
    (fp_line (start -1.6 -0.8) (end 1.6 -0.8) (layer F.Fab) (width 0.1))
    (fp_line (start 1.6 -0.8) (end 1.6 0.8) (layer F.Fab) (width 0.1))
    (fp_line (start 1.6 0.8) (end -1.6 0.8) (layer F.Fab) (width 0.1))
    (fp_line (start -1.6 0.8) (end -1.6 -0.8) (layer F.Fab) (width 0.1))
    (fp_text user %R (at 0 0) (layer F.Fab)
      (effects (font (size 0.7 0.7) (thickness 0.105)))
    )
    (pad 2 smd rect (at 1.45 0) (size 0.9 1.7) (layers F.Cu F.Paste F.Mask)
      (net 3 GND))
    (pad 1 smd rect (at -1.45 0) (size 0.9 1.7) (layers F.Cu F.Paste F.Mask)
      (net 30 "Net-(R13-Pad1)"))
    (model ${KISYS3DMOD}/Resistors_SMD.3dshapes/R_1206.wrl
      (at (xyz 0 0 0))
      (scale (xyz 1 1 1))
      (rotate (xyz 0 0 0))
    )
  )

  (module Resistors_SMD:R_1206 (layer F.Cu) (tedit 58E0A804) (tstamp 5D7E73C2)
    (at 225.825001 87.885001)
    (descr "Resistor SMD 1206, reflow soldering, Vishay (see dcrcw.pdf)")
    (tags "resistor 1206")
    (path /5D6ABE2B)
    (attr smd)
    (fp_text reference R14 (at 0 -1.85) (layer F.SilkS)
      (effects (font (size 1 1) (thickness 0.15)))
    )
    (fp_text value 0.8 (at 0 1.95) (layer F.Fab)
      (effects (font (size 1 1) (thickness 0.15)))
    )
    (fp_text user %R (at 0 0) (layer F.Fab)
      (effects (font (size 0.7 0.7) (thickness 0.105)))
    )
    (fp_line (start -1.6 0.8) (end -1.6 -0.8) (layer F.Fab) (width 0.1))
    (fp_line (start 1.6 0.8) (end -1.6 0.8) (layer F.Fab) (width 0.1))
    (fp_line (start 1.6 -0.8) (end 1.6 0.8) (layer F.Fab) (width 0.1))
    (fp_line (start -1.6 -0.8) (end 1.6 -0.8) (layer F.Fab) (width 0.1))
    (fp_line (start 1 1.07) (end -1 1.07) (layer F.SilkS) (width 0.12))
    (fp_line (start -1 -1.07) (end 1 -1.07) (layer F.SilkS) (width 0.12))
    (fp_line (start -2.15 -1.11) (end 2.15 -1.11) (layer F.CrtYd) (width 0.05))
    (fp_line (start -2.15 -1.11) (end -2.15 1.1) (layer F.CrtYd) (width 0.05))
    (fp_line (start 2.15 1.1) (end 2.15 -1.11) (layer F.CrtYd) (width 0.05))
    (fp_line (start 2.15 1.1) (end -2.15 1.1) (layer F.CrtYd) (width 0.05))
    (pad 1 smd rect (at -1.45 0) (size 0.9 1.7) (layers F.Cu F.Paste F.Mask)
      (net 31 "Net-(R14-Pad1)"))
    (pad 2 smd rect (at 1.45 0) (size 0.9 1.7) (layers F.Cu F.Paste F.Mask)
      (net 3 GND))
    (model ${KISYS3DMOD}/Resistors_SMD.3dshapes/R_1206.wrl
      (at (xyz 0 0 0))
      (scale (xyz 1 1 1))
      (rotate (xyz 0 0 0))
    )
  )

  (module Custom:GP2S60_ReverseMount (layer F.Cu) (tedit 5D7E1289) (tstamp 5D7E73CF)
    (at 153.55 81.35)
    (path /5D73E1DE)
    (fp_text reference U1 (at 0 5.2) (layer F.SilkS)
      (effects (font (size 1 1) (thickness 0.15)))
    )
    (fp_text value GP2S60 (at 0 -0.8) (layer F.Fab)
      (effects (font (size 1 1) (thickness 0.15)))
    )
    (fp_line (start -1.4 3) (end -1.4 1.3) (layer F.Fab) (width 0.12))
    (fp_line (start 1.8 3) (end -1.4 3) (layer F.Fab) (width 0.12))
    (fp_line (start 1.8 1.3) (end 1.8 3) (layer F.Fab) (width 0.12))
    (fp_line (start -1.4 1.3) (end 1.8 1.3) (layer F.Fab) (width 0.12))
    (pad "" np_thru_hole rect (at 0.2 2.15) (size 2.2 3) (drill 0.1) (layers *.Cu *.Mask))
    (pad 4 smd rect (at 1.8 2.7) (size 1 0.65) (layers F.Cu F.Paste F.Mask)
      (net 26 "Net-(R2-Pad2)"))
    (pad 3 smd rect (at 1.8 1.6) (size 1 0.65) (layers F.Cu F.Paste F.Mask)
      (net 3 GND))
    (pad 2 smd rect (at -1.4 1.6) (size 1 0.65) (layers F.Cu F.Paste F.Mask)
      (net 3 GND))
    (pad 1 smd rect (at -1.4 2.7) (size 1 0.65) (layers F.Cu F.Paste F.Mask)
      (net 11 "Net-(H5-Pad1)"))
  )

  (module Custom:GP2S60_ReverseMount (layer F.Cu) (tedit 5D7E1289) (tstamp 5D7E8C66)
    (at 185.25 107.5)
    (path /5D73E20E)
    (fp_text reference U2 (at 0 5.2) (layer F.SilkS)
      (effects (font (size 1 1) (thickness 0.15)))
    )
    (fp_text value GP2S60 (at 0 -0.8) (layer F.Fab)
      (effects (font (size 1 1) (thickness 0.15)))
    )
    (fp_line (start -1.4 1.3) (end 1.8 1.3) (layer F.Fab) (width 0.12))
    (fp_line (start 1.8 1.3) (end 1.8 3) (layer F.Fab) (width 0.12))
