(kicad_pcb (version 20171130) (host pcbnew "(5.1.2)-1")

  (general
    (thickness 1.6)
    (drawings 20)
    (tracks 169)
    (zones 0)
    (modules 26)
    (nets 21)
  )

  (page A4)
  (layers
    (0 F.Cu signal)
    (31 B.Cu signal)
    (32 B.Adhes user)
    (33 F.Adhes user)
    (34 B.Paste user)
    (35 F.Paste user)
    (36 B.SilkS user)
    (37 F.SilkS user)
    (38 B.Mask user)
    (39 F.Mask user)
    (40 Dwgs.User user)
    (41 Cmts.User user)
    (42 Eco1.User user)
    (43 Eco2.User user)
    (44 Edge.Cuts user)
    (45 Margin user)
    (46 B.CrtYd user)
    (47 F.CrtYd user)
    (48 B.Fab user hide)
    (49 F.Fab user)
  )

  (setup
    (last_trace_width 0.25)
    (user_trace_width 0.2)
    (user_trace_width 0.25)
    (user_trace_width 0.5)
    (trace_clearance 0.2)
    (zone_clearance 0.508)
    (zone_45_only no)
    (trace_min 0.2)
    (via_size 0.8)
    (via_drill 0.4)
    (via_min_size 0.4)
    (via_min_drill 0.3)
    (uvia_size 0.3)
    (uvia_drill 0.1)
    (uvias_allowed no)
    (uvia_min_size 0.2)
    (uvia_min_drill 0.1)
    (edge_width 0.1)
    (segment_width 0.2)
    (pcb_text_width 0.3)
    (pcb_text_size 1.5 1.5)
    (mod_edge_width 0.15)
    (mod_text_size 1 1)
    (mod_text_width 0.15)
    (pad_size 1.06 0.65)
    (pad_drill 0)
    (pad_to_mask_clearance 0)
    (aux_axis_origin 0 0)
    (grid_origin 150.5 115.5)
    (visible_elements 7FFFFFFF)
    (pcbplotparams
      (layerselection 0x010fc_ffffffff)
      (usegerberextensions false)
      (usegerberattributes false)
      (usegerberadvancedattributes false)
      (creategerberjobfile false)
      (excludeedgelayer true)
      (linewidth 0.100000)
      (plotframeref false)
      (viasonmask false)
      (mode 1)
      (useauxorigin false)
      (hpglpennumber 1)
      (hpglpenspeed 20)
      (hpglpendiameter 15.000000)
      (psnegative false)
      (psa4output false)
      (plotreference true)
      (plotvalue true)
      (plotinvisibletext false)
      (padsonsilk false)
      (subtractmaskfromsilk false)
      (outputformat 1)
      (mirror false)
      (drillshape 1)
      (scaleselection 1)
      (outputdirectory ""))
  )

  (net 0 "")
  (net 1 GND)
  (net 2 +BATT)
  (net 3 "Net-(C3-Pad1)")
  (net 4 "Net-(C3-Pad2)")
  (net 5 "Net-(C4-Pad2)")
  (net 6 "Net-(C4-Pad1)")
  (net 7 +3V3)
  (net 8 "Net-(C6-Pad1)")
  (net 9 "Net-(C7-Pad2)")
  (net 10 /VBAT_SWITCH)
  (net 11 "Net-(D1-Pad2)")
  (net 12 VBUS)
  (net 13 "Net-(D2-Pad1)")
  (net 14 /BAT_MON)
  (net 15 /OLED_~RES)
  (net 16 /OLED_SCL)
  (net 17 /OLED_SDA)
  (net 18 "Net-(R3-Pad2)")
  (net 19 "Net-(R4-Pad1)")
  (net 20 "Net-(R5-Pad2)")

  (net_class Default "This is the default net class."
    (clearance 0.2)
    (trace_width 0.25)
    (via_dia 0.8)
    (via_drill 0.4)
    (uvia_dia 0.3)
    (uvia_drill 0.1)
    (add_net /BAT_MON)
    (add_net /OLED_SCL)
    (add_net /OLED_SDA)
    (add_net /OLED_~RES)
    (add_net "Net-(C3-Pad1)")
    (add_net "Net-(C3-Pad2)")
    (add_net "Net-(C4-Pad1)")
    (add_net "Net-(C4-Pad2)")
    (add_net "Net-(C6-Pad1)")
    (add_net "Net-(C7-Pad2)")
    (add_net "Net-(D1-Pad2)")
    (add_net "Net-(D2-Pad1)")
    (add_net "Net-(R3-Pad2)")
    (add_net "Net-(R4-Pad1)")
    (add_net "Net-(R5-Pad2)")
  )

  (net_class Power ""
    (clearance 0.3)
    (trace_width 0.5)
    (via_dia 1)
    (via_drill 0.5)
    (uvia_dia 0.3)
    (uvia_drill 0.1)
    (add_net +3V3)
    (add_net +BATT)
    (add_net /VBAT_SWITCH)
    (add_net GND)
    (add_net VBUS)
  )

  (module Custom:Mounting_Pad_Power (layer B.Cu) (tedit 5D7A81B3) (tstamp 5D7BEFF1)
    (at 168.3 94.95)
    (path /5D7C1B62)
    (fp_text reference H7 (at 0 -3.9) (layer B.Fab)
      (effects (font (size 0.9 1) (thickness 0.15)) (justify mirror))
    )
    (fp_text value 3V3 (at 0 3.55) (layer B.SilkS)
      (effects (font (size 0.9 1) (thickness 0.15)) (justify mirror))
    )
    (pad 1 smd rect (at 0 0) (size 2.5 5) (layers B.Cu B.Paste B.Mask)
      (net 7 +3V3))
  )

  (module Custom:JS102011SAQN (layer B.Cu) (tedit 5D7B7716) (tstamp 5D7C0278)
    (at 134.1 103.85 90)
    (path /5D7A8209)
    (fp_text reference SW1 (at 0.2 -2.7 -90) (layer B.SilkS)
      (effects (font (size 0.9 1) (thickness 0.15)) (justify mirror))
    )
    (fp_text value SW_DPDT_x2 (at 0 2.4 -90) (layer B.Fab)
      (effects (font (size 0.9 1) (thickness 0.15)) (justify mirror))
    )
    (fp_line (start -1.8 -6.55) (end -1.8 -4.55) (layer B.Fab) (width 0.12))
    (fp_line (start -0.3 -6.55) (end -1.8 -6.55) (layer B.Fab) (width 0.12))
    (fp_line (start -0.3 -4.55) (end -0.3 -6.55) (layer B.Fab) (width 0.12))
    (fp_line (start 4.5 -4.55) (end -4.5 -4.55) (layer B.Fab) (width 0.12))
    (fp_line (start 4.5 -0.95) (end 4.5 -4.55) (layer B.Fab) (width 0.12))
    (fp_line (start -4.5 -0.95) (end 4.5 -0.95) (layer B.Fab) (width 0.12))
    (fp_line (start -4.5 -4.55) (end -4.5 -0.95) (layer B.Fab) (width 0.12))
    (pad "" np_thru_hole circle (at -3.4 -2.75 90) (size 0.9 0.9) (drill 0.9) (layers *.Cu *.Mask))
    (pad "" np_thru_hole circle (at 3.4 -2.75 90) (size 0.9 0.9) (drill 0.9) (layers *.Cu *.Mask))
    (pad 3 smd rect (at 2.5 0 90) (size 1.2 2.5) (layers B.Cu B.Paste B.Mask))
    (pad 2 smd rect (at 0 0 90) (size 1.2 2.5) (layers B.Cu B.Paste B.Mask)
      (net 11 "Net-(D1-Pad2)"))
    (pad 1 smd rect (at -2.5 0 90) (size 1.2 2.5) (layers B.Cu B.Paste B.Mask)
      (net 2 +BATT))
  )

  (module Custom:Conn_Bat (layer B.Cu) (tedit 5D7B7328) (tstamp 5D7C05AE)
    (at 131 126.27)
    (path /5D189E7A)
    (fp_text reference J1 (at 0.25 -4.77) (layer B.SilkS)
      (effects (font (size 0.9 1) (thickness 0.15)) (justify mirror))
    )
    (fp_text value Conn_01x02_Male (at 0 1.16) (layer B.Fab)
      (effects (font (size 0.9 1) (thickness 0.15)) (justify mirror))
    )
    (pad 2 smd rect (at 1.5 -1.97) (size 2 4) (layers B.Cu B.Paste B.Mask)
      (net 1 GND))
    (pad 1 smd rect (at -1.5 -1.97) (size 2 4) (layers B.Cu B.Paste B.Mask)
      (net 2 +BATT))
  )

  (module Custom:SSD1306_OLED (layer B.Cu) (tedit 5D7B6AF4) (tstamp 5D7BFC76)
    (at 165.15 109.99 180)
    (path /5D7656B4)
    (fp_text reference U3 (at 2.4 0.74 90) (layer B.SilkS)
      (effects (font (size 0.9 1) (thickness 0.15)) (justify mirror))
    )
    (fp_text value SSD1306 (at -2.4 4.2 270) (layer B.Fab)
      (effects (font (size 0.9 1) (thickness 0.15)) (justify mirror))
    )
    (fp_line (start 1.5 8.53) (end -2 8.53) (layer B.Fab) (width 0.12))
    (fp_line (start 1.5 -0.47) (end -2 -0.47) (layer B.Fab) (width 0.12))
    (fp_line (start 1.5 8.53) (end 1.5 -0.47) (layer B.Fab) (width 0.12))
    (fp_text user 14 (at 2.45 8.42) (layer B.Fab)
      (effects (font (size 1 1) (thickness 0.15)) (justify mirror))
    )
    (fp_text user 1 (at 2.04 -0.46) (layer B.Fab)
      (effects (font (size 1 1) (thickness 0.15)) (justify mirror))
    )
    (pad 14 smd rect (at 0 8.06 180) (size 3 0.32) (layers B.Cu B.Paste B.Mask)
      (net 9 "Net-(C7-Pad2)"))
    (pad 13 smd rect (at 0 7.44 180) (size 3 0.32) (layers B.Cu B.Paste B.Mask)
      (net 8 "Net-(C6-Pad1)"))
    (pad 12 smd rect (at 0 6.82 180) (size 3 0.32) (layers B.Cu B.Paste B.Mask)
      (net 20 "Net-(R5-Pad2)"))
    (pad 11 smd rect (at 0 6.2 180) (size 3 0.32) (layers B.Cu B.Paste B.Mask)
      (net 17 /OLED_SDA))
    (pad 10 smd rect (at 0 5.58 180) (size 3 0.32) (layers B.Cu B.Paste B.Mask)
      (net 16 /OLED_SCL))
    (pad 9 smd rect (at 0 4.96 180) (size 3 0.32) (layers B.Cu B.Paste B.Mask)
      (net 15 /OLED_~RES))
    (pad 8 smd rect (at 0 4.34 180) (size 3 0.32) (layers B.Cu B.Paste B.Mask)
      (net 7 +3V3))
    (pad 7 smd rect (at 0 3.72 180) (size 3 0.32) (layers B.Cu B.Paste B.Mask)
      (net 1 GND))
    (pad 6 smd rect (at 0 3.1 180) (size 3 0.32) (layers B.Cu B.Paste B.Mask))
    (pad 5 smd rect (at 0 2.48 180) (size 3 0.32) (layers B.Cu B.Paste B.Mask)
      (net 7 +3V3))
    (pad 4 smd rect (at 0 1.86 180) (size 3 0.32) (layers B.Cu B.Paste B.Mask)
      (net 5 "Net-(C4-Pad2)"))
    (pad 3 smd rect (at 0 1.24 180) (size 3 0.32) (layers B.Cu B.Paste B.Mask)
      (net 6 "Net-(C4-Pad1)"))
    (pad 2 smd rect (at 0 0.62 180) (size 3 0.32) (layers B.Cu B.Paste B.Mask)
      (net 4 "Net-(C3-Pad2)"))
    (pad 1 smd rect (at 0 0 180) (size 3 0.32) (layers B.Cu B.Paste B.Mask)
      (net 3 "Net-(C3-Pad1)"))
  )

  (module Capacitors_SMD:C_1206 (layer B.Cu) (tedit 58AA84B8) (tstamp 5D7BEF4B)
    (at 134.2 120.25)
    (descr "Capacitor SMD 1206, reflow soldering, AVX (see smccp.pdf)")
    (tags "capacitor 1206")
    (path /5D16C2F0)
    (attr smd)
    (fp_text reference C2 (at 0.55 1.75) (layer B.SilkS)
      (effects (font (size 0.9 1) (thickness 0.15)) (justify mirror))
    )
    (fp_text value 10µ (at 0 -2) (layer B.Fab)
      (effects (font (size 0.9 1) (thickness 0.15)) (justify mirror))
    )
    (fp_line (start 2.25 -1.05) (end -2.25 -1.05) (layer B.CrtYd) (width 0.05))
    (fp_line (start 2.25 -1.05) (end 2.25 1.05) (layer B.CrtYd) (width 0.05))
    (fp_line (start -2.25 1.05) (end -2.25 -1.05) (layer B.CrtYd) (width 0.05))
    (fp_line (start -2.25 1.05) (end 2.25 1.05) (layer B.CrtYd) (width 0.05))
    (fp_line (start -1 -1.02) (end 1 -1.02) (layer B.SilkS) (width 0.12))
    (fp_line (start 1 1.02) (end -1 1.02) (layer B.SilkS) (width 0.12))
    (fp_line (start -1.6 0.8) (end 1.6 0.8) (layer B.Fab) (width 0.1))
    (fp_line (start 1.6 0.8) (end 1.6 -0.8) (layer B.Fab) (width 0.1))
    (fp_line (start 1.6 -0.8) (end -1.6 -0.8) (layer B.Fab) (width 0.1))
    (fp_line (start -1.6 -0.8) (end -1.6 0.8) (layer B.Fab) (width 0.1))
    (fp_text user %R (at 0 1.75) (layer B.Fab)
      (effects (font (size 0.9 1) (thickness 0.15)) (justify mirror))
    )
    (pad 2 smd rect (at 1.5 0) (size 1 1.6) (layers B.Cu B.Paste B.Mask)
      (net 1 GND))
    (pad 1 smd rect (at -1.5 0) (size 1 1.6) (layers B.Cu B.Paste B.Mask)
      (net 2 +BATT))
    (model Capacitors_SMD.3dshapes/C_1206.wrl
      (at (xyz 0 0 0))
      (scale (xyz 1 1 1))
      (rotate (xyz 0 0 0))
    )
  )

  (module Capacitors_SMD:C_1206 (layer B.Cu) (tedit 58AA84B8) (tstamp 5D7BEF5C)
    (at 172 111.75 90)
    (descr "Capacitor SMD 1206, reflow soldering, AVX (see smccp.pdf)")
    (tags "capacitor 1206")
    (path /5D7656BB)
    (attr smd)
    (fp_text reference C3 (at 0 -1.5 90) (layer B.SilkS)
      (effects (font (size 0.9 1) (thickness 0.15)) (justify mirror))
    )
    (fp_text value 1µ (at 0 -2 90) (layer B.Fab)
      (effects (font (size 0.9 1) (thickness 0.15)) (justify mirror))
    )
    (fp_text user %R (at 0 1.75 90) (layer B.Fab)
      (effects (font (size 0.9 1) (thickness 0.15)) (justify mirror))
    )
    (fp_line (start -1.6 -0.8) (end -1.6 0.8) (layer B.Fab) (width 0.1))
    (fp_line (start 1.6 -0.8) (end -1.6 -0.8) (layer B.Fab) (width 0.1))
    (fp_line (start 1.6 0.8) (end 1.6 -0.8) (layer B.Fab) (width 0.1))
    (fp_line (start -1.6 0.8) (end 1.6 0.8) (layer B.Fab) (width 0.1))
    (fp_line (start 1 1.02) (end -1 1.02) (layer B.SilkS) (width 0.12))
    (fp_line (start -1 -1.02) (end 1 -1.02) (layer B.SilkS) (width 0.12))
    (fp_line (start -2.25 1.05) (end 2.25 1.05) (layer B.CrtYd) (width 0.05))
    (fp_line (start -2.25 1.05) (end -2.25 -1.05) (layer B.CrtYd) (width 0.05))
    (fp_line (start 2.25 -1.05) (end 2.25 1.05) (layer B.CrtYd) (width 0.05))
    (fp_line (start 2.25 -1.05) (end -2.25 -1.05) (layer B.CrtYd) (width 0.05))
    (pad 1 smd rect (at -1.5 0 90) (size 1 1.6) (layers B.Cu B.Paste B.Mask)
      (net 3 "Net-(C3-Pad1)"))
    (pad 2 smd rect (at 1.5 0 90) (size 1 1.6) (layers B.Cu B.Paste B.Mask)
      (net 4 "Net-(C3-Pad2)"))
    (model Capacitors_SMD.3dshapes/C_1206.wrl
      (at (xyz 0 0 0))
      (scale (xyz 1 1 1))
      (rotate (xyz 0 0 0))
    )
  )

  (module Capacitors_SMD:C_1206 (layer B.Cu) (tedit 58AA84B8) (tstamp 5D7BEF6D)
    (at 172 106.5 90)
    (descr "Capacitor SMD 1206, reflow soldering, AVX (see smccp.pdf)")
    (tags "capacitor 1206")
    (path /5D7656C1)
    (attr smd)
    (fp_text reference C4 (at 0 -1.75 270) (layer B.SilkS)
      (effects (font (size 0.9 1) (thickness 0.15)) (justify mirror))
    )
    (fp_text value 1µ (at 0 -2 90) (layer B.Fab)
      (effects (font (size 0.9 1) (thickness 0.15)) (justify mirror))
    )
    (fp_line (start 2.25 -1.05) (end -2.25 -1.05) (layer B.CrtYd) (width 0.05))
    (fp_line (start 2.25 -1.05) (end 2.25 1.05) (layer B.CrtYd) (width 0.05))
    (fp_line (start -2.25 1.05) (end -2.25 -1.05) (layer B.CrtYd) (width 0.05))
    (fp_line (start -2.25 1.05) (end 2.25 1.05) (layer B.CrtYd) (width 0.05))
    (fp_line (start -1 -1.02) (end 1 -1.02) (layer B.SilkS) (width 0.12))
    (fp_line (start 1 1.02) (end -1 1.02) (layer B.SilkS) (width 0.12))
    (fp_line (start -1.6 0.8) (end 1.6 0.8) (layer B.Fab) (width 0.1))
    (fp_line (start 1.6 0.8) (end 1.6 -0.8) (layer B.Fab) (width 0.1))
    (fp_line (start 1.6 -0.8) (end -1.6 -0.8) (layer B.Fab) (width 0.1))
    (fp_line (start -1.6 -0.8) (end -1.6 0.8) (layer B.Fab) (width 0.1))
    (fp_text user %R (at 0 1.75 90) (layer B.Fab)
      (effects (font (size 0.9 1) (thickness 0.15)) (justify mirror))
    )
    (pad 2 smd rect (at 1.5 0 90) (size 1 1.6) (layers B.Cu B.Paste B.Mask)
      (net 5 "Net-(C4-Pad2)"))
    (pad 1 smd rect (at -1.5 0 90) (size 1 1.6) (layers B.Cu B.Paste B.Mask)
      (net 6 "Net-(C4-Pad1)"))
    (model Capacitors_SMD.3dshapes/C_1206.wrl
      (at (xyz 0 0 0))
      (scale (xyz 1 1 1))
      (rotate (xyz 0 0 0))
    )
  )

  (module Capacitors_SMD:C_1206 (layer B.Cu) (tedit 58AA84B8) (tstamp 5D7C431F)
    (at 172 101.25 90)
    (descr "Capacitor SMD 1206, reflow soldering, AVX (see smccp.pdf)")
    (tags "capacitor 1206")
    (path /5D7656C7)
    (attr smd)
    (fp_text reference C5 (at -1 -1.75 270) (layer B.SilkS)
      (effects (font (size 0.9 1) (thickness 0.15)) (justify mirror))
    )
    (fp_text value 1µ (at 0 -2 90) (layer B.Fab)
      (effects (font (size 0.9 1) (thickness 0.15)) (justify mirror))
    )
    (fp_text user %R (at 0 1.75 90) (layer B.Fab)
      (effects (font (size 0.9 1) (thickness 0.15)) (justify mirror))
    )
    (fp_line (start -1.6 -0.8) (end -1.6 0.8) (layer B.Fab) (width 0.1))
    (fp_line (start 1.6 -0.8) (end -1.6 -0.8) (layer B.Fab) (width 0.1))
    (fp_line (start 1.6 0.8) (end 1.6 -0.8) (layer B.Fab) (width 0.1))
    (fp_line (start -1.6 0.8) (end 1.6 0.8) (layer B.Fab) (width 0.1))
    (fp_line (start 1 1.02) (end -1 1.02) (layer B.SilkS) (width 0.12))
    (fp_line (start -1 -1.02) (end 1 -1.02) (layer B.SilkS) (width 0.12))
    (fp_line (start -2.25 1.05) (end 2.25 1.05) (layer B.CrtYd) (width 0.05))
    (fp_line (start -2.25 1.05) (end -2.25 -1.05) (layer B.CrtYd) (width 0.05))
    (fp_line (start 2.25 -1.05) (end 2.25 1.05) (layer B.CrtYd) (width 0.05))
    (fp_line (start 2.25 -1.05) (end -2.25 -1.05) (layer B.CrtYd) (width 0.05))
    (pad 1 smd rect (at -1.5 0 90) (size 1 1.6) (layers B.Cu B.Paste B.Mask)
      (net 7 +3V3))
    (pad 2 smd rect (at 1.5 0 90) (size 1 1.6) (layers B.Cu B.Paste B.Mask)
      (net 1 GND))
    (model Capacitors_SMD.3dshapes/C_1206.wrl
      (at (xyz 0 0 0))
      (scale (xyz 1 1 1))
      (rotate (xyz 0 0 0))
    )
  )

  (module Capacitors_SMD:C_1206 (layer B.Cu) (tedit 58AA84B8) (tstamp 5D7C43F9)
    (at 165 98.9 90)
    (descr "Capacitor SMD 1206, reflow soldering, AVX (see smccp.pdf)")
    (tags "capacitor 1206")
    (path /5D7656CD)
    (attr smd)
    (fp_text reference C6 (at 0.15 -1.75 270) (layer B.SilkS)
      (effects (font (size 0.9 1) (thickness 0.15)) (justify mirror))
    )
    (fp_text value 4.7µ (at 0 -2 90) (layer B.Fab)
      (effects (font (size 0.9 1) (thickness 0.15)) (justify mirror))
    )
    (fp_line (start 2.25 -1.05) (end -2.25 -1.05) (layer B.CrtYd) (width 0.05))
    (fp_line (start 2.25 -1.05) (end 2.25 1.05) (layer B.CrtYd) (width 0.05))
    (fp_line (start -2.25 1.05) (end -2.25 -1.05) (layer B.CrtYd) (width 0.05))
    (fp_line (start -2.25 1.05) (end 2.25 1.05) (layer B.CrtYd) (width 0.05))
    (fp_line (start -1 -1.02) (end 1 -1.02) (layer B.SilkS) (width 0.12))
    (fp_line (start 1 1.02) (end -1 1.02) (layer B.SilkS) (width 0.12))
    (fp_line (start -1.6 0.8) (end 1.6 0.8) (layer B.Fab) (width 0.1))
    (fp_line (start 1.6 0.8) (end 1.6 -0.8) (layer B.Fab) (width 0.1))
    (fp_line (start 1.6 -0.8) (end -1.6 -0.8) (layer B.Fab) (width 0.1))
    (fp_line (start -1.6 -0.8) (end -1.6 0.8) (layer B.Fab) (width 0.1))
    (fp_text user %R (at 0 1.75 90) (layer B.Fab)
      (effects (font (size 0.9 1) (thickness 0.15)) (justify mirror))
    )
    (pad 2 smd rect (at 1.5 0 90) (size 1 1.6) (layers B.Cu B.Paste B.Mask)
      (net 1 GND))
    (pad 1 smd rect (at -1.5 0 90) (size 1 1.6) (layers B.Cu B.Paste B.Mask)
      (net 8 "Net-(C6-Pad1)"))
    (model Capacitors_SMD.3dshapes/C_1206.wrl
      (at (xyz 0 0 0))
      (scale (xyz 1 1 1))
      (rotate (xyz 0 0 0))
    )
  )

  (module Capacitors_SMD:C_1206 (layer B.Cu) (tedit 58AA84B8) (tstamp 5D7C0AA7)
    (at 168.45 100.05 180)
    (descr "Capacitor SMD 1206, reflow soldering, AVX (see smccp.pdf)")
    (tags "capacitor 1206")
    (path /5D7656D3)
    (attr smd)
    (fp_text reference C7 (at 0.2 -1.7) (layer B.SilkS)
      (effects (font (size 0.9 1) (thickness 0.15)) (justify mirror))
    )
    (fp_text value 4.7µ (at 0 -2) (layer B.Fab)
      (effects (font (size 0.9 1) (thickness 0.15)) (justify mirror))
    )
    (fp_text user %R (at 0 1.75) (layer B.Fab)
      (effects (font (size 0.9 1) (thickness 0.15)) (justify mirror))
    )
    (fp_line (start -1.6 -0.8) (end -1.6 0.8) (layer B.Fab) (width 0.1))
    (fp_line (start 1.6 -0.8) (end -1.6 -0.8) (layer B.Fab) (width 0.1))
    (fp_line (start 1.6 0.8) (end 1.6 -0.8) (layer B.Fab) (width 0.1))
    (fp_line (start -1.6 0.8) (end 1.6 0.8) (layer B.Fab) (width 0.1))
    (fp_line (start 1 1.02) (end -1 1.02) (layer B.SilkS) (width 0.12))
    (fp_line (start -1 -1.02) (end 1 -1.02) (layer B.SilkS) (width 0.12))
    (fp_line (start -2.25 1.05) (end 2.25 1.05) (layer B.CrtYd) (width 0.05))
    (fp_line (start -2.25 1.05) (end -2.25 -1.05) (layer B.CrtYd) (width 0.05))
    (fp_line (start 2.25 -1.05) (end 2.25 1.05) (layer B.CrtYd) (width 0.05))
    (fp_line (start 2.25 -1.05) (end -2.25 -1.05) (layer B.CrtYd) (width 0.05))
    (pad 1 smd rect (at -1.5 0 180) (size 1 1.6) (layers B.Cu B.Paste B.Mask)
      (net 1 GND))
    (pad 2 smd rect (at 1.5 0 180) (size 1 1.6) (layers B.Cu B.Paste B.Mask)
      (net 9 "Net-(C7-Pad2)"))
    (model Capacitors_SMD.3dshapes/C_1206.wrl
      (at (xyz 0 0 0))
      (scale (xyz 1 1 1))
      (rotate (xyz 0 0 0))
    )
  )

  (module Diodes_SMD:D_SOD-123 (layer B.Cu) (tedit 58645DC7) (tstamp 5D7C0D0F)
    (at 136.5 103.85 270)
    (descr SOD-123)
    (tags SOD-123)
    (path /5D183802)
    (attr smd)
    (fp_text reference D1 (at -3.1 0 180) (layer B.SilkS)
      (effects (font (size 0.9 1) (thickness 0.15)) (justify mirror))
    )
    (fp_text value D_Schottky (at 0 -2.1 90) (layer B.Fab)
      (effects (font (size 0.9 1) (thickness 0.15)) (justify mirror))
    )
    (fp_text user %R (at 0 2 90) (layer B.Fab)
      (effects (font (size 0.9 1) (thickness 0.15)) (justify mirror))
    )
    (fp_line (start -2.25 1) (end -2.25 -1) (layer B.SilkS) (width 0.12))
    (fp_line (start 0.25 0) (end 0.75 0) (layer B.Fab) (width 0.1))
    (fp_line (start 0.25 -0.4) (end -0.35 0) (layer B.Fab) (width 0.1))
    (fp_line (start 0.25 0.4) (end 0.25 -0.4) (layer B.Fab) (width 0.1))
    (fp_line (start -0.35 0) (end 0.25 0.4) (layer B.Fab) (width 0.1))
    (fp_line (start -0.35 0) (end -0.35 -0.55) (layer B.Fab) (width 0.1))
    (fp_line (start -0.35 0) (end -0.35 0.55) (layer B.Fab) (width 0.1))
    (fp_line (start -0.75 0) (end -0.35 0) (layer B.Fab) (width 0.1))
    (fp_line (start -1.4 -0.9) (end -1.4 0.9) (layer B.Fab) (width 0.1))
    (fp_line (start 1.4 -0.9) (end -1.4 -0.9) (layer B.Fab) (width 0.1))
    (fp_line (start 1.4 0.9) (end 1.4 -0.9) (layer B.Fab) (width 0.1))
    (fp_line (start -1.4 0.9) (end 1.4 0.9) (layer B.Fab) (width 0.1))
    (fp_line (start -2.35 1.15) (end 2.35 1.15) (layer B.CrtYd) (width 0.05))
    (fp_line (start 2.35 1.15) (end 2.35 -1.15) (layer B.CrtYd) (width 0.05))
    (fp_line (start 2.35 -1.15) (end -2.35 -1.15) (layer B.CrtYd) (width 0.05))
    (fp_line (start -2.35 1.15) (end -2.35 -1.15) (layer B.CrtYd) (width 0.05))
    (fp_line (start -2.25 -1) (end 1.65 -1) (layer B.SilkS) (width 0.12))
    (fp_line (start -2.25 1) (end 1.65 1) (layer B.SilkS) (width 0.12))
    (pad 1 smd rect (at -1.65 0 270) (size 0.9 1.2) (layers B.Cu B.Paste B.Mask)
      (net 10 /VBAT_SWITCH))
    (pad 2 smd rect (at 1.65 0 270) (size 0.9 1.2) (layers B.Cu B.Paste B.Mask)
      (net 11 "Net-(D1-Pad2)"))
    (model ${KISYS3DMOD}/Diodes_SMD.3dshapes/D_SOD-123.wrl
      (at (xyz 0 0 0))
      (scale (xyz 1 1 1))
      (rotate (xyz 0 0 0))
    )
  )

  (module LEDs:LED_0603 (layer B.Cu) (tedit 57FE93A5) (tstamp 5D7C153A)
    (at 135 109.8)
    (descr "LED 0603 smd package")
    (tags "LED led 0603 SMD smd SMT smt smdled SMDLED smtled SMTLED")
    (path /5D16DD5D)
    (attr smd)
    (fp_text reference D2 (at 0 1.25) (layer B.SilkS)
      (effects (font (size 0.9 1) (thickness 0.15)) (justify mirror))
    )
    (fp_text value ORANGE (at 0 -1.35) (layer B.Fab)
      (effects (font (size 0.9 1) (thickness 0.15)) (justify mirror))
    )
    (fp_line (start -1.3 0.5) (end -1.3 -0.5) (layer B.SilkS) (width 0.12))
    (fp_line (start -0.2 0.2) (end -0.2 -0.2) (layer B.Fab) (width 0.1))
    (fp_line (start -0.15 0) (end 0.15 0.2) (layer B.Fab) (width 0.1))
    (fp_line (start 0.15 -0.2) (end -0.15 0) (layer B.Fab) (width 0.1))
    (fp_line (start 0.15 0.2) (end 0.15 -0.2) (layer B.Fab) (width 0.1))
    (fp_line (start 0.8 -0.4) (end -0.8 -0.4) (layer B.Fab) (width 0.1))
    (fp_line (start 0.8 0.4) (end 0.8 -0.4) (layer B.Fab) (width 0.1))
    (fp_line (start -0.8 0.4) (end 0.8 0.4) (layer B.Fab) (width 0.1))
    (fp_line (start -0.8 -0.4) (end -0.8 0.4) (layer B.Fab) (width 0.1))
    (fp_line (start -1.3 -0.5) (end 0.8 -0.5) (layer B.SilkS) (width 0.12))
    (fp_line (start -1.3 0.5) (end 0.8 0.5) (layer B.SilkS) (width 0.12))
    (fp_line (start 1.45 0.65) (end 1.45 -0.65) (layer B.CrtYd) (width 0.05))
    (fp_line (start 1.45 -0.65) (end -1.45 -0.65) (layer B.CrtYd) (width 0.05))
    (fp_line (start -1.45 -0.65) (end -1.45 0.65) (layer B.CrtYd) (width 0.05))
    (fp_line (start -1.45 0.65) (end 1.45 0.65) (layer B.CrtYd) (width 0.05))
    (pad 2 smd rect (at 0.8 0 180) (size 0.8 0.8) (layers B.Cu B.Paste B.Mask)
      (net 12 VBUS))
    (pad 1 smd rect (at -0.8 0 180) (size 0.8 0.8) (layers B.Cu B.Paste B.Mask)
      (net 13 "Net-(D2-Pad1)"))
    (model ${KISYS3DMOD}/LEDs.3dshapes/LED_0603.wrl
      (at (xyz 0 0 0))
      (scale (xyz 1 1 1))
      (rotate (xyz 0 0 180))
    )
  )

  (module Custom:Mounting_Pad_Signal (layer B.Cu) (tedit 5D7A81A8) (tstamp 5D7BEFD3)
    (at 140 94.45)
    (path /5D7F98B2)
    (fp_text reference H1 (at 0 -3.3) (layer B.Fab)
      (effects (font (size 0.9 1) (thickness 0.15)) (justify mirror))
    )
    (fp_text value BAT_MON (at -1.25 1.55 90) (layer B.SilkS)
      (effects (font (size 0.9 1) (thickness 0.15)) (justify mirror))
    )
    (pad 1 smd rect (at 0 0) (size 1 4) (layers B.Cu B.Paste B.Mask)
      (net 14 /BAT_MON))
  )

  (module Custom:Mounting_Pad_Signal (layer B.Cu) (tedit 5D7A81A8) (tstamp 5D7BEFDD)
    (at 164.5 94.45)
    (path /5D7FD764)
    (fp_text reference H3 (at 0 -3.3) (layer B.Fab)
      (effects (font (size 0.9 1) (thickness 0.15)) (justify mirror))
    )
    (fp_text value ORST (at 1.25 0.3 90) (layer B.SilkS)
      (effects (font (size 0.9 1) (thickness 0.15)) (justify mirror))
    )
    (pad 1 smd rect (at 0 0) (size 1 4) (layers B.Cu B.Paste B.Mask)
      (net 15 /OLED_~RES))
  )

  (module Custom:Mounting_Pad_Signal (layer B.Cu) (tedit 5D7A81A8) (tstamp 5D7BEFE2)
    (at 162 94.45)
    (path /5D7FDA61)
    (fp_text reference H4 (at 0 -3.3) (layer B.Fab)
      (effects (font (size 0.9 1) (thickness 0.15)) (justify mirror))
    )
    (fp_text value OSCL (at 1.25 0.3 90) (layer B.SilkS)
      (effects (font (size 0.9 1) (thickness 0.15)) (justify mirror))
    )
    (pad 1 smd rect (at 0 0) (size 1 4) (layers B.Cu B.Paste B.Mask)
      (net 16 /OLED_SCL))
  )

  (module Custom:Mounting_Pad_Signal (layer B.Cu) (tedit 5D7A81A8) (tstamp 5D7BEFE7)
    (at 159.5 94.45)
    (path /5D7FDC46)
    (fp_text reference H5 (at 0 -3.3 180) (layer B.Fab)
      (effects (font (size 0.9 1) (thickness 0.15)) (justify mirror))
    )
    (fp_text value OSDA (at 1.25 0.3 270) (layer B.SilkS)
      (effects (font (size 0.9 1) (thickness 0.15)) (justify mirror))
    )
    (pad 1 smd rect (at 0 0) (size 1 4) (layers B.Cu B.Paste B.Mask)
      (net 17 /OLED_SDA))
  )

  (module Custom:Mounting_Pad_Power (layer B.Cu) (tedit 5D7A81B3) (tstamp 5D7BEFEC)
    (at 136.25 94.95)
    (path /5D78D28F)
    (fp_text reference H6 (at 0 -3.9) (layer B.Fab)
      (effects (font (size 0.9 1) (thickness 0.15)) (justify mirror))
    )
    (fp_text value VBUS (at 0 3.55) (layer B.SilkS)
      (effects (font (size 0.9 1) (thickness 0.15)) (justify mirror))
    )
    (pad 1 smd rect (at 0 0) (size 2.5 5) (layers B.Cu B.Paste B.Mask)
      (net 12 VBUS))
  )

  (module Custom:Mounting_Pad_Power (layer B.Cu) (tedit 5D7A81B3) (tstamp 5D7BEFF6)
    (at 171.75 94.95)
    (path /5D7C32E1)
    (fp_text reference H8 (at 0 -3.9) (layer B.Fab)
      (effects (font (size 0.9 1) (thickness 0.15)) (justify mirror))
    )
    (fp_text value GND (at 0 3.55) (layer B.SilkS)
      (effects (font (size 0.9 1) (thickness 0.15)) (justify mirror))
    )
    (pad 1 smd rect (at 0 0) (size 2.5 5) (layers B.Cu B.Paste B.Mask)
      (net 1 GND))
  )

  (module Resistors_SMD:R_1206 (layer B.Cu) (tedit 58E0A804) (tstamp 5D7C090D)
    (at 129.6 119.15 90)
    (descr "Resistor SMD 1206, reflow soldering, Vishay (see dcrcw.pdf)")
    (tags "resistor 1206")
    (path /5D176A1F)
    (attr smd)
    (fp_text reference R1 (at -0.1 1.65 90) (layer B.SilkS)
      (effects (font (size 0.9 1) (thickness 0.15)) (justify mirror))
    )
    (fp_text value 100K (at 0 -1.95 90) (layer B.Fab)
      (effects (font (size 0.9 1) (thickness 0.15)) (justify mirror))
    )
    (fp_line (start 2.15 -1.1) (end -2.15 -1.1) (layer B.CrtYd) (width 0.05))
    (fp_line (start 2.15 -1.1) (end 2.15 1.11) (layer B.CrtYd) (width 0.05))
    (fp_line (start -2.15 1.11) (end -2.15 -1.1) (layer B.CrtYd) (width 0.05))
    (fp_line (start -2.15 1.11) (end 2.15 1.11) (layer B.CrtYd) (width 0.05))
    (fp_line (start -1 1.07) (end 1 1.07) (layer B.SilkS) (width 0.12))
    (fp_line (start 1 -1.07) (end -1 -1.07) (layer B.SilkS) (width 0.12))
    (fp_line (start -1.6 0.8) (end 1.6 0.8) (layer B.Fab) (width 0.1))
    (fp_line (start 1.6 0.8) (end 1.6 -0.8) (layer B.Fab) (width 0.1))
    (fp_line (start 1.6 -0.8) (end -1.6 -0.8) (layer B.Fab) (width 0.1))
    (fp_line (start -1.6 -0.8) (end -1.6 0.8) (layer B.Fab) (width 0.1))
    (fp_text user %R (at 0 0 90) (layer B.Fab)
      (effects (font (size 0.9 0.7) (thickness 0.105)) (justify mirror))
    )
    (pad 2 smd rect (at 1.45 0 90) (size 0.9 1.7) (layers B.Cu B.Paste B.Mask)
      (net 14 /BAT_MON))
    (pad 1 smd rect (at -1.45 0 90) (size 0.9 1.7) (layers B.Cu B.Paste B.Mask)
      (net 2 +BATT))
    (model ${KISYS3DMOD}/Resistors_SMD.3dshapes/R_1206.wrl
      (at (xyz 0 0 0))
      (scale (xyz 1 1 1))
      (rotate (xyz 0 0 0))
    )
  )

  (module Resistors_SMD:R_1206 (layer B.Cu) (tedit 58E0A804) (tstamp 5D7BF033)
    (at 129.6 113.55 90)
    (descr "Resistor SMD 1206, reflow soldering, Vishay (see dcrcw.pdf)")
    (tags "resistor 1206")
    (path /5D176E0F)
    (attr smd)
    (fp_text reference R2 (at 0 1.85 90) (layer B.SilkS)
      (effects (font (size 0.9 1) (thickness 0.15)) (justify mirror))
    )
    (fp_text value 100K (at 0 -1.95 90) (layer B.Fab)
      (effects (font (size 0.9 1) (thickness 0.15)) (justify mirror))
    )
    (fp_text user %R (at 0 0 90) (layer B.Fab)
      (effects (font (size 0.9 0.7) (thickness 0.105)) (justify mirror))
    )
    (fp_line (start -1.6 -0.8) (end -1.6 0.8) (layer B.Fab) (width 0.1))
    (fp_line (start 1.6 -0.8) (end -1.6 -0.8) (layer B.Fab) (width 0.1))
    (fp_line (start 1.6 0.8) (end 1.6 -0.8) (layer B.Fab) (width 0.1))
    (fp_line (start -1.6 0.8) (end 1.6 0.8) (layer B.Fab) (width 0.1))
    (fp_line (start 1 -1.07) (end -1 -1.07) (layer B.SilkS) (width 0.12))
    (fp_line (start -1 1.07) (end 1 1.07) (layer B.SilkS) (width 0.12))
    (fp_line (start -2.15 1.11) (end 2.15 1.11) (layer B.CrtYd) (width 0.05))
    (fp_line (start -2.15 1.11) (end -2.15 -1.1) (layer B.CrtYd) (width 0.05))
    (fp_line (start 2.15 -1.1) (end 2.15 1.11) (layer B.CrtYd) (width 0.05))
    (fp_line (start 2.15 -1.1) (end -2.15 -1.1) (layer B.CrtYd) (width 0.05))
    (pad 1 smd rect (at -1.45 0 90) (size 0.9 1.7) (layers B.Cu B.Paste B.Mask)
      (net 14 /BAT_MON))
    (pad 2 smd rect (at 1.45 0 90) (size 0.9 1.7) (layers B.Cu B.Paste B.Mask)
      (net 1 GND))
    (model ${KISYS3DMOD}/Resistors_SMD.3dshapes/R_1206.wrl
      (at (xyz 0 0 0))
      (scale (xyz 1 1 1))
      (rotate (xyz 0 0 0))
    )
  )

  (module Resistors_SMD:R_1206 (layer B.Cu) (tedit 58E0A804) (tstamp 5D7C0740)
    (at 130.65 109.8 180)
    (descr "Resistor SMD 1206, reflow soldering, Vishay (see dcrcw.pdf)")
    (tags "resistor 1206")
    (path /5D170C73)
    (attr smd)
    (fp_text reference R3 (at 0.9 1.8) (layer B.SilkS)
      (effects (font (size 0.9 1) (thickness 0.15)) (justify mirror))
    )
    (fp_text value 1K (at 0 -1.95) (layer B.Fab)
      (effects (font (size 0.9 1) (thickness 0.15)) (justify mirror))
    )
    (fp_text user %R (at 0 0) (layer B.Fab)
      (effects (font (size 0.9 0.7) (thickness 0.105)) (justify mirror))
    )
    (fp_line (start -1.6 -0.8) (end -1.6 0.8) (layer B.Fab) (width 0.1))
    (fp_line (start 1.6 -0.8) (end -1.6 -0.8) (layer B.Fab) (width 0.1))
    (fp_line (start 1.6 0.8) (end 1.6 -0.8) (layer B.Fab) (width 0.1))
    (fp_line (start -1.6 0.8) (end 1.6 0.8) (layer B.Fab) (width 0.1))
    (fp_line (start 1 -1.07) (end -1 -1.07) (layer B.SilkS) (width 0.12))
    (fp_line (start -1 1.07) (end 1 1.07) (layer B.SilkS) (width 0.12))
    (fp_line (start -2.15 1.11) (end 2.15 1.11) (layer B.CrtYd) (width 0.05))
    (fp_line (start -2.15 1.11) (end -2.15 -1.1) (layer B.CrtYd) (width 0.05))
    (fp_line (start 2.15 -1.1) (end 2.15 1.11) (layer B.CrtYd) (width 0.05))
    (fp_line (start 2.15 -1.1) (end -2.15 -1.1) (layer B.CrtYd) (width 0.05))
    (pad 1 smd rect (at -1.45 0 180) (size 0.9 1.7) (layers B.Cu B.Paste B.Mask)
      (net 13 "Net-(D2-Pad1)"))
    (pad 2 smd rect (at 1.45 0 180) (size 0.9 1.7) (layers B.Cu B.Paste B.Mask)
      (net 18 "Net-(R3-Pad2)"))
    (model ${KISYS3DMOD}/Resistors_SMD.3dshapes/R_1206.wrl
      (at (xyz 0 0 0))
      (scale (xyz 1 1 1))
      (rotate (xyz 0 0 0))
    )
  )

  (module Resistors_SMD:R_1206 (layer B.Cu) (tedit 58E0A804) (tstamp 5D7C0EF1)
    (at 138.9 116.5 270)
    (descr "Resistor SMD 1206, reflow soldering, Vishay (see dcrcw.pdf)")
    (tags "resistor 1206")
    (path /5D167CB7)
    (attr smd)
    (fp_text reference R4 (at -2.75 -0.1 180) (layer B.SilkS)
      (effects (font (size 0.9 1) (thickness 0.15)) (justify mirror))
    )
    (fp_text value 5K (at 0 -1.95 90) (layer B.Fab)
      (effects (font (size 0.9 1) (thickness 0.15)) (justify mirror))
    )
    (fp_text user %R (at 0 0 90) (layer B.Fab)
      (effects (font (size 0.9 0.7) (thickness 0.105)) (justify mirror))
    )
    (fp_line (start -1.6 -0.8) (end -1.6 0.8) (layer B.Fab) (width 0.1))
    (fp_line (start 1.6 -0.8) (end -1.6 -0.8) (layer B.Fab) (width 0.1))
    (fp_line (start 1.6 0.8) (end 1.6 -0.8) (layer B.Fab) (width 0.1))
    (fp_line (start -1.6 0.8) (end 1.6 0.8) (layer B.Fab) (width 0.1))
    (fp_line (start 1 -1.07) (end -1 -1.07) (layer B.SilkS) (width 0.12))
    (fp_line (start -1 1.07) (end 1 1.07) (layer B.SilkS) (width 0.12))
    (fp_line (start -2.15 1.11) (end 2.15 1.11) (layer B.CrtYd) (width 0.05))
    (fp_line (start -2.15 1.11) (end -2.15 -1.1) (layer B.CrtYd) (width 0.05))
    (fp_line (start 2.15 -1.1) (end 2.15 1.11) (layer B.CrtYd) (width 0.05))
    (fp_line (start 2.15 -1.1) (end -2.15 -1.1) (layer B.CrtYd) (width 0.05))
    (pad 1 smd rect (at -1.45 0 270) (size 0.9 1.7) (layers B.Cu B.Paste B.Mask)
      (net 19 "Net-(R4-Pad1)"))
    (pad 2 smd rect (at 1.45 0 270) (size 0.9 1.7) (layers B.Cu B.Paste B.Mask)
      (net 1 GND))
    (model ${KISYS3DMOD}/Resistors_SMD.3dshapes/R_1206.wrl
      (at (xyz 0 0 0))
      (scale (xyz 1 1 1))
      (rotate (xyz 0 0 0))
    )
  )

  (module Resistors_SMD:R_1206 (layer B.Cu) (tedit 58E0A804) (tstamp 5D7C0D94)
    (at 165.1 112.2 180)
    (descr "Resistor SMD 1206, reflow soldering, Vishay (see dcrcw.pdf)")
    (tags "resistor 1206")
    (path /5D7656D9)
    (attr smd)
    (fp_text reference R5 (at 2.85 -0.05 90) (layer B.SilkS)
      (effects (font (size 0.9 1) (thickness 0.15)) (justify mirror))
    )
    (fp_text value 330k (at 0 -1.95) (layer B.Fab)
      (effects (font (size 0.9 1) (thickness 0.15)) (justify mirror))
    )
    (fp_line (start 2.15 -1.1) (end -2.15 -1.1) (layer B.CrtYd) (width 0.05))
    (fp_line (start 2.15 -1.1) (end 2.15 1.11) (layer B.CrtYd) (width 0.05))
    (fp_line (start -2.15 1.11) (end -2.15 -1.1) (layer B.CrtYd) (width 0.05))
    (fp_line (start -2.15 1.11) (end 2.15 1.11) (layer B.CrtYd) (width 0.05))
    (fp_line (start -1 1.07) (end 1 1.07) (layer B.SilkS) (width 0.12))
    (fp_line (start 1 -1.07) (end -1 -1.07) (layer B.SilkS) (width 0.12))
    (fp_line (start -1.6 0.8) (end 1.6 0.8) (layer B.Fab) (width 0.1))
    (fp_line (start 1.6 0.8) (end 1.6 -0.8) (layer B.Fab) (width 0.1))
    (fp_line (start 1.6 -0.8) (end -1.6 -0.8) (layer B.Fab) (width 0.1))
    (fp_line (start -1.6 -0.8) (end -1.6 0.8) (layer B.Fab) (width 0.1))
    (fp_text user %R (at 0 0) (layer B.Fab)
      (effects (font (size 0.9 0.7) (thickness 0.105)) (justify mirror))
    )
    (pad 2 smd rect (at 1.45 0 180) (size 0.9 1.7) (layers B.Cu B.Paste B.Mask)
      (net 20 "Net-(R5-Pad2)"))
    (pad 1 smd rect (at -1.45 0 180) (size 0.9 1.7) (layers B.Cu B.Paste B.Mask)
      (net 1 GND))
    (model ${KISYS3DMOD}/Resistors_SMD.3dshapes/R_1206.wrl
      (at (xyz 0 0 0))
      (scale (xyz 1 1 1))
      (rotate (xyz 0 0 0))
    )
  )

  (module Package_TO_SOT_SMD:SOT-23-5 (layer B.Cu) (tedit 5A02FF57) (tstamp 5D7BF08A)
    (at 134.25 116.5 90)
    (descr "5-pin SOT23 package")
    (tags SOT-23-5)
    (path /5D163C93)
    (attr smd)
    (fp_text reference U2 (at 2.5 0) (layer B.SilkS)
      (effects (font (size 0.9 1) (thickness 0.15)) (justify mirror))
    )
    (fp_text value MCP73831-2-OT (at 0 -2.9 270) (layer B.Fab)
      (effects (font (size 0.9 1) (thickness 0.15)) (justify mirror))
    )
    (fp_text user %R (at 0 0) (layer B.Fab)
      (effects (font (size 0.9 0.5) (thickness 0.075)) (justify mirror))
    )
    (fp_line (start -0.9 -1.61) (end 0.9 -1.61) (layer B.SilkS) (width 0.12))
    (fp_line (start 0.9 1.61) (end -1.55 1.61) (layer B.SilkS) (width 0.12))
    (fp_line (start -1.9 1.8) (end 1.9 1.8) (layer B.CrtYd) (width 0.05))
    (fp_line (start 1.9 1.8) (end 1.9 -1.8) (layer B.CrtYd) (width 0.05))
    (fp_line (start 1.9 -1.8) (end -1.9 -1.8) (layer B.CrtYd) (width 0.05))
    (fp_line (start -1.9 -1.8) (end -1.9 1.8) (layer B.CrtYd) (width 0.05))
    (fp_line (start -0.9 0.9) (end -0.25 1.55) (layer B.Fab) (width 0.1))
    (fp_line (start 0.9 1.55) (end -0.25 1.55) (layer B.Fab) (width 0.1))
    (fp_line (start -0.9 0.9) (end -0.9 -1.55) (layer B.Fab) (width 0.1))
    (fp_line (start 0.9 -1.55) (end -0.9 -1.55) (layer B.Fab) (width 0.1))
    (fp_line (start 0.9 1.55) (end 0.9 -1.55) (layer B.Fab) (width 0.1))
    (pad 1 smd rect (at -1.1 0.95 90) (size 1.06 0.65) (layers B.Cu B.Paste B.Mask)
      (net 18 "Net-(R3-Pad2)"))
    (pad 2 smd rect (at -1.1 0 90) (size 1.06 0.65) (layers B.Cu B.Paste B.Mask)
      (net 1 GND))
    (pad 3 smd rect (at -1.1 -0.95 90) (size 1.06 0.65) (layers B.Cu B.Paste B.Mask)
      (net 2 +BATT))
    (pad 4 smd rect (at 1.1 -0.95 90) (size 1.06 0.65) (layers B.Cu B.Paste B.Mask)
      (net 12 VBUS))
    (pad 5 smd rect (at 1.1 0.95 90) (size 1.06 0.65) (layers B.Cu B.Paste B.Mask)
      (net 19 "Net-(R4-Pad1)"))
    (model ${KISYS3DMOD}/Package_TO_SOT_SMD.3dshapes/SOT-23-5.wrl
      (at (xyz 0 0 0))
      (scale (xyz 1 1 1))
      (rotate (xyz 0 0 0))
    )
  )

  (module Custom:Mounting_Pad_Power (layer B.Cu) (tedit 5D7A81B3) (tstamp 5D7BFEF7)
    (at 129.25 94.95)
    (path /5D7C3320)
    (fp_text reference H10 (at 0 -3.9) (layer B.Fab)
      (effects (font (size 0.9 1) (thickness 0.15)) (justify mirror))
    )
    (fp_text value GND (at 0 3.55) (layer B.SilkS)
      (effects (font (size 0.9 1) (thickness 0.15)) (justify mirror))
    )
    (pad 1 smd rect (at 0 0) (size 2.5 5) (layers B.Cu B.Paste B.Mask)
      (net 1 GND))
  )

  (module Custom:Mounting_Pad_Power (layer B.Cu) (tedit 5D7A81B3) (tstamp 5D7C08B9)
    (at 132.75 94.95)
    (path /5D78A6C2)
    (fp_text reference H2 (at 0 -3.9) (layer B.Fab)
      (effects (font (size 0.9 1) (thickness 0.15)) (justify mirror))
    )
    (fp_text value VBS (at 0 3.55) (layer B.SilkS)
      (effects (font (size 0.9 1) (thickness 0.15)) (justify mirror))
    )
    (pad 1 smd rect (at 0 0) (size 2.5 5) (layers B.Cu B.Paste B.Mask)
      (net 10 /VBAT_SWITCH))
  )

  (gr_line (start 154.5 92.5) (end 173.5 92.5) (layer Edge.Cuts) (width 0.1) (tstamp 5D7C113E))
  (gr_line (start 127.5 92.5) (end 146.5 92.5) (layer Edge.Cuts) (width 0.1) (tstamp 5D7C113D))
  (gr_line (start 154.5 95.5) (end 154.5 92.5) (layer Edge.Cuts) (width 0.1))
  (gr_line (start 146.5 95.5) (end 154.5 95.5) (layer Edge.Cuts) (width 0.1))
  (gr_line (start 146.5 92.5) (end 146.5 95.5) (layer Edge.Cuts) (width 0.1))
  (gr_line (start 137.15 110.46) (end 163.65 110.45) (layer F.Fab) (width 0.15) (tstamp 5D7C0BB4))
  (gr_line (start 163.65 98.95) (end 163.65 110.45) (layer F.Fab) (width 0.15))
  (gr_line (start 137.15 98.95) (end 163.65 98.95) (layer F.Fab) (width 0.15))
  (gr_line (start 137.15 110.46) (end 137.15 98.95) (layer F.Fab) (width 0.15))
  (gr_line (start 128 138.05) (end 128 111.05) (layer F.Fab) (width 0.15) (tstamp 5D7BF7B9))
  (gr_line (start 173 138.05) (end 128 138.05) (layer F.Fab) (width 0.15) (tstamp 5D7BF7BC))
  (gr_line (start 173 111.05) (end 173 138.05) (layer F.Fab) (width 0.15) (tstamp 5D7BF7C2))
  (gr_line (start 128 111.05) (end 173 111.05) (layer F.Fab) (width 0.15) (tstamp 5D7BF7BF))
  (gr_line (start 139.13 106.66) (end 139.13 101.06) (layer Edge.Cuts) (width 0.1) (tstamp 5D7BF76E))
  (gr_line (start 161.63 106.66) (end 139.13 106.66) (layer Edge.Cuts) (width 0.1))
  (gr_line (start 161.63 101.06) (end 161.63 106.66) (layer Edge.Cuts) (width 0.1))
  (gr_line (start 139.13 101.06) (end 161.63 101.06) (layer Edge.Cuts) (width 0.1))
  (gr_line (start 127.5 138.5) (end 127.5 92.5) (layer Edge.Cuts) (width 0.1) (tstamp 5D7BF345))
  (gr_line (start 173.5 138.5) (end 127.5 138.5) (layer Edge.Cuts) (width 0.1))
  (gr_line (start 173.5 92.5) (end 173.5 138.5) (layer Edge.Cuts) (width 0.1))

  (segment (start 134.25 117.6) (end 134.25 118.8) (width 0.5) (layer B.Cu) (net 1))
  (via (at 128.5 98.5) (size 0.8) (drill 0.4) (layers F.Cu B.Cu) (net 1) (tstamp 5D7C172D))
  (via (at 130 98.5) (size 0.8) (drill 0.4) (layers F.Cu B.Cu) (net 1) (tstamp 5D7C15D8))
  (via (at 132.9 107.9) (size 0.8) (drill 0.4) (layers F.Cu B.Cu) (net 1) (tstamp 5D7C15E1))
  (via (at 150.5 115.5) (size 0.8) (drill 0.4) (layers F.Cu B.Cu) (net 1) (tstamp 5D7C15FA))
  (via (at 134.8 124.3) (size 0.8) (drill 0.4) (layers F.Cu B.Cu) (net 1) (tstamp 5D7C1613))
  (via (at 132.5 127.5) (size 0.8) (drill 0.4) (layers F.Cu B.Cu) (net 1) (tstamp 5D7C1615))
  (via (at 135.7 122.2) (size 0.8) (drill 0.4) (layers F.Cu B.Cu) (net 1) (tstamp 5D7C1619))
  (via (at 138.9 119.5) (size 0.8) (drill 0.4) (layers F.Cu B.Cu) (net 1) (tstamp 5D7C161B))
